           01/23/2002
 139047               1
  0.665000000E+03
* 665.000             1               0 SNB   3   1 FIX    39   40
  0.159164630E+03 0.860000000E+02-0.487550000E+00 0.102819000E+07
  0.963799503E+06 0.862822654E+02-0.747528715E+01 0.599048434E+02
  0.231240583E+01 0.474728148E+00 0.749697933E+00 0.122142778E+08
  0.947102136E+02-0.303365163E+01 0.113592640E+02 0.150632338E+02
  0.102548774E+01 0.613216134E+00 0.786748072E+01 0.100000000E+11
  0.292999183E+02 0.143404664E+02 0.879089015E+01-0.408588117E-01
  0.100000000E+05 0.100000000E+05 0.100000000E+05
  0.999000000E-01 0.000000000E+00 0.000000000E+00
  0.119806311E+03
  0.833845887E+01
  0.622515645E+01 0.186247283E+00 0.211902819E+01 0.161794263E+01
  0.689589311E+00 0.168975220E+02-0.500000000E+02-0.500000000E+02
 -0.500000000E+02-0.221376856E-01 0.244430772E+05 0.259316134E+06
  0.924351976E-08 0.198625435E+01 0.115000001E+01-0.558085448E-02
  0.165035952E+01 0.828158575E+02 0.000000000E+00 0.000000000E+00
  0.413717281E+02-0.145999596E+03 0.430098120E+02 0.139463513E+03
 -0.100000000E+03-0.500000000E+02-0.381106509E+00-0.393559983E+00
  0.100000000E+03 0.303388982E+02 0.417752876E+02 0.786748072E+01
  0.106538525E+03-0.105406639E+01 0.500077577E-01 0.102688072E+04
  0.110190218E+01 0.161856740E+02 0.278639131E+06 0.100000009E-05
  0.262013000E+00 0.110339896E+04 0.108813442E+01 0.100000000E+02
    66   70   52    1
 -0.222977158E-01-0.270582424E-01-0.540069441E-01-0.106865750E+00
 -0.146696810E+00-0.161928363E+00-0.138729582E+00-0.246840076E-01
 -0.300487359E-01-0.537469751E-01-0.112075023E+00-0.148671403E+00
 -0.167767241E+00-0.133965613E+00-0.149357683E+00-0.138855959E+00
 -0.148231959E+00-0.141667566E+00-0.278316385E-01-0.378846141E-01
 -0.532811576E-01-0.425403578E-01-0.304499837E-01-0.561365977E-01
 -0.284811704E-01-0.286435155E-01-0.292862813E-01-0.296498673E-01
 -0.282129350E-01-0.285294486E-01-0.287383562E-01-0.294211205E-01
 -0.298324222E-01-0.297595183E-01-0.287401054E-01-0.169559254E-01
 -0.198121621E-01-0.299356697E-01-0.288552632E-01-0.166066708E-01
 -0.190861295E-01-0.248627036E-01-0.844609499E-01-0.797063646E-01
 -0.723874637E-01-0.753069040E-01-0.867175991E-01-0.819610957E-01
 -0.791850881E-01-0.773951396E-01-0.742326032E-01-0.714719768E-01
 -0.696480701E-01-0.669559771E-01-0.761229636E-01-0.731697661E-01
 -0.708288340E-01-0.683842100E-01-0.241990045E-01-0.248742490E-01
 -0.291015259E-01-0.507511404E-07-0.507511404E-07-0.507511404E-07
 -0.507511404E-07-0.507511404E-07 0.276911803E+00 0.273058382E+00
  0.263297273E+00 0.248373058E+00 0.227790721E+00 0.204466790E+00
  0.276647468E+00 0.270965469E+00 0.259320848E+00 0.242269418E+00
  0.219331199E+00 0.193665036E+00-0.133826628E-01 0.175979735E+00
  0.191891739E-01 0.165835089E+00-0.217806755E+00-0.197584227E+00
 -0.182240096E+00-0.219226898E+00-0.198470665E+00-0.181502660E+00
 -0.158201431E+00-0.160401514E+00-0.161980207E+00-0.151502141E+00
 -0.153988130E+00-0.156014930E+00-0.171575071E+00-0.184680489E+00
 -0.203918908E+00-0.221261251E+00-0.240313139E+00-0.167447815E+00
 -0.181449910E+00-0.201179612E+00-0.221361939E+00-0.237094947E+00
 -0.160132286E+00-0.161965654E+00-0.159168090E+00-0.157622811E+00
 -0.153631904E+00-0.154856950E+00-0.152922831E+00-0.151823876E+00
 -0.127146783E-01-0.326719127E-01 0.197635829E-01-0.659606058E-01
  0.133890293E-01-0.527421689E-01-0.329828973E-01-0.433288397E-01
 -0.586338741E-02-0.115634519E+00 0.124692196E-01 0.108928474E+00
 -0.373521893E-01-0.502908096E-01-0.739069891E-01-0.861521912E-01
 -0.959052889E-01-0.119609197E+00 0.376355875E-01-0.556623143E-01
  0.631479048E-01-0.837124989E-01 0.985170879E-01-0.114810452E+00
  0.144789707E+05 0.216536824E+03-0.446576717E+04-0.183443291E+03
 -0.997132308E+04-0.108965705E+05 0.656586639E+03-0.485805722E+04
  0.554589989E+03 0.137439471E+05-0.500681990E+03 0.146265437E+05
 -0.263268146E+05 0.146265367E+05-0.234022502E+05-0.419786101E-06
 -0.267300363E-06 0.615923316E+03 0.698075346E+03 0.834593894E+03
  0.919815667E+03 0.145341115E+04-0.386634207E+03 0.972410274E+03
  0.108210462E+04 0.672160657E+03-0.179903279E+04-0.188082130E+04
  0.661270998E+03 0.866606902E+03-0.126900833E+03 0.975258900E+03
 -0.167856136E+04 0.712267049E+03-0.182535772E+04 0.235975830E+04
  0.681902916E+03 0.196558757E+03 0.772791404E+03 0.434156556E+03
  0.714788772E+03 0.979855104E+03-0.832260954E+03-0.738288618E+03
  0.739540349E+03 0.494569487E+03 0.132042304E+04 0.791392025E+03
  0.385105148E+03 0.187235086E+04 0.297490433E+02 0.306681424E+03
 -0.127426000E+05
  0.000000000E+00 0.279399996E+02-0.145592314E+03 0.393225301E+02
 -0.160339999E+03 0.000000000E+00 0.000000000E+00 0.000000000E+00
  0.000000000E+00 0.000000000E+00 0.100000000E+03 0.187792914E+01
  0.675652071E+00 0.791899749E+00-0.406091049E+00-0.631886407E+00
 -0.232847744E-01 0.000000000E+00 0.999000000E+03 0.156301405E+01
  0.226212999E+02 0.115000001E+01 0.000000000E+00 0.412633730E+00
  0.196967679E+02 0.998999978E+00 0.865600579E+01 0.000000000E+00
  0.426714277E+00 0.533862660E+00 0.263807974E+00 0.146187109E+01
  0.314081954E+02 0.287318211E+01 0.237344895E+02 0.178790618E+02
 -0.890000000E+02-0.890000000E+02-0.890000000E+02-0.890000000E+02
  0.553489454E+01-0.890000000E+02-0.890000000E+02 0.279399996E+02
 -0.145592314E+03 0.438961338E+02 0.160340002E+03-0.890000000E+02
 -0.890000000E+02 0.386977920E+08 0.136891569E+00 0.353363365E+00
  0.856734785E+02 0.946250000E+02 0.000000000E+00 0.000000000E+00
                                            KIN
