           01/23/2002
 141300               1
  0.501000000E+03
* 501.000             0               7 SNB   3   1 CLC    39   40
  0.000000000E+00 0.860000100E+02-0.440076600E+00 0.636535000E+06
  0.636535000E+06 0.857633603E+02-0.119780895E+02 0.595496768E+02
  0.192592585E+01 0.356544509E+00 0.462048778E+00 0.951273671E+07
  0.933772535E+02-0.398376029E+01 0.887768867E+01 0.900354679E+01
  0.818923473E+00 0.857821087E+00 0.770392342E+01 0.100000000E+11
  0.517000121E+02 0.332723166E+02 0.705268356E+01 0.222130465E-01
  0.100000000E+05 0.100000000E+05 0.100000000E+05
  0.000000000E+00 0.000000000E+00 0.000000000E+00
  0.118973442E+03
  0.000000000E+00
  0.605559706E+01 0.146322173E+00 0.213423906E+01 0.152696656E+01
  0.748572045E+00 0.137639926E+02-0.500000000E+02-0.500000000E+02
 -0.500000000E+02 0.114318494E-01 0.189819247E+05 0.995452321E+05
  0.918820115E-08 0.144825554E+01 0.105027861E+01-0.141143286E-01
  0.148070608E+01 0.754782039E+02 0.000000000E+00 0.000000000E+00
  0.582485049E+02-0.126666351E+03 0.548399616E+02 0.119393974E+03
  0.675085390E+01-0.500000000E+02-0.435915756E+00-0.387604863E+00
  0.100000000E+03 0.400453357E+02 0.467411509E+02 0.770392342E+01
  0.976422012E+02-0.238350541E+01 0.789349040E-01 0.000000000E+00
  0.116052910E+01 0.127592851E+02 0.141069517E+06 0.000000000E+00
  0.000000000E+00 0.000000000E+00 0.134976168E+01 0.100000000E+02
    66   70   52    1
  0.160208904E-01 0.352953729E-01-0.271366093E-02-0.103810651E+00
 -0.131670859E+00-0.141360333E+00-0.741925900E-01 0.342933996E-01
  0.383798583E-01-0.697291341E-02-0.948551206E-01-0.131145913E+00
 -0.156627271E+00-0.706442250E-01-0.975271093E-01-0.122184362E+00
 -0.970199311E-01-0.127648135E+00 0.335587834E-01 0.295085000E-01
 -0.504458491E-02 0.111623062E-01 0.338073770E-01-0.143758444E-01
  0.553335107E-02 0.527003213E-02 0.441738632E-02 0.421248163E-02
  0.597412334E-02 0.542092154E-02 0.507988148E-02 0.420298986E-02
  0.400148802E-02 0.282678791E-02 0.400646535E-02 0.204247818E-01
  0.125354994E-01 0.238481986E-02 0.265160827E-02 0.975590091E-02
  0.107528391E-01-0.713771829E-02-0.502413820E-01-0.512511892E-01
 -0.470627929E-01-0.539557849E-01-0.538791642E-01-0.543301177E-01
 -0.535348359E-01-0.540929401E-01-0.552778124E-01-0.527145464E-01
 -0.515251073E-01-0.478661742E-01-0.591957265E-01-0.564097966E-01
 -0.504730935E-01-0.432718284E-01 0.353739923E-01 0.394634250E-01
  0.584781701E-01 0.427342233E-08 0.427342233E-08 0.427342233E-08
  0.427342233E-08 0.427342233E-08 0.258715602E+00 0.230358979E+00
  0.201542594E+00 0.213082520E+00 0.112739579E+00 0.157866911E+00
  0.257501034E+00 0.223979454E+00 0.191059833E+00 0.199311791E+00
  0.962847066E-01 0.139878018E+00 0.256114675E-01 0.106529372E+00
  0.509385785E-01 0.714563436E-01-0.204137027E+00-0.199090362E+00
 -0.190142349E+00-0.212132659E+00-0.215406601E+00-0.211395573E+00
 -0.203101879E+00-0.205720764E+00-0.206751413E+00-0.132335000E+00
 -0.148939158E+00-0.186118627E+00-0.184764561E+00-0.191520031E+00
 -0.197551231E+00-0.205197674E+00-0.205557949E+00-0.195984028E+00
 -0.211914274E+00-0.217601355E+00-0.211229543E+00-0.205519127E+00
 -0.203412750E+00-0.203274447E+00-0.208066980E+00-0.197369918E+00
 -0.186745889E+00-0.181951087E+00-0.137045741E+00-0.130778699E+00
  0.128127535E-01 0.134662326E+00-0.211726865E+00 0.234223792E+00
 -0.226651480E+00 0.201298540E-01-0.162179044E+00 0.389428139E-01
  0.145678076E-01-0.940276620E-01 0.131726900E-01 0.161776944E+00
  0.163827635E+00-0.110790006E-02 0.236306265E-01-0.167616814E+00
 -0.884133746E-01-0.204207799E+00-0.984450212E-01-0.114095890E+00
  0.661843826E-02-0.145224569E+00 0.937386764E-01-0.157540547E+00
  0.548715599E+04 0.237952680E+04-0.622626882E+04-0.698497361E+04
 -0.267425158E+04-0.507440609E+04-0.365744304E+04-0.887554048E+04
  0.121388883E+05 0.204719086E+05-0.708716658E+04 0.543873155E+01
  0.233275451E+02 0.379801351E+02 0.253997188E+02 0.247130979E+04
  0.344286331E+04 0.979378061E+05 0.975208824E+05 0.222976474E+05
  0.173307009E+04 0.920767715E+02 0.359233369E+02 0.494959626E+02
  0.837120613E+02 0.141946833E+03-0.652558633E+03 0.108897796E+03
  0.332456245E+04-0.605544609E+04 0.595866630E+03 0.362621253E+04
  0.873781287E+03-0.101097065E+04 0.104395053E+04-0.488032639E+03
 -0.124419088E+04-0.430508435E+03 0.725355605E+04 0.189080044E+05
  0.972764919E+05 0.982555760E+05 0.121852617E+03 0.141987026E+04
  0.112238788E+05-0.720431478E+04 0.179570960E+05 0.876048394E+04
  0.842747533E+04 0.102496341E+05 0.107630257E+05 0.349810553E+04
  0.000000000E+00
  0.000000000E+00 0.279399996E+02-0.142916647E+03 0.848057303E+02
 -0.152177510E+03 0.000000000E+00 0.000000000E+00 0.000000000E+00
  0.000000000E+00 0.000000000E+00 0.100000000E+03 0.000000000E+00
  0.765124519E+00 0.329757101E+01-0.956618828E+00-0.305426348E+00
  0.130593664E-01 0.000000000E+00 0.999000000E+03 0.215753271E+01
  0.154659796E+02 0.105027861E+01 0.000000000E+00-0.551009394E-01
  0.212425357E+01 0.141826739E+02 0.675478657E+01 0.000000000E+00
  0.146843239E+00 0.384738777E+00 0.263395955E+00 0.145313037E+01
  0.267852295E+02 0.200999736E+01 0.269942278E+02 0.317703768E+02
 -0.890000000E+02-0.890000000E+02-0.890000000E+02-0.890000000E+02
  0.506823503E+01-0.890000000E+02-0.890000000E+02 0.279399996E+02
 -0.142916647E+03 0.813461741E+02 0.155070914E+03 0.848057303E+02
 -0.152177510E+03 0.000000000E+00 0.444047518E+00 0.600801900E+00
  0.620688435E+02 0.879375000E+02 0.000000000E+00 0.000000000E+00
                                            MAG
