           01/23/2002
 129038               1
  0.110100000E+03
* 110.100             1               0 SNB   3   1 FIX    39   40
  0.510517543E+03 0.860000000E+02-0.487488985E+00 0.821559438E+06
  0.744390520E+06 0.820571799E+02-0.600238237E+01 0.623165844E+02
  0.190530280E+01 0.495870084E+00 0.531887455E+00 0.937331505E+07
  0.866449695E+02-0.161544821E+01 0.102874158E+02 0.700744656E+01
  0.674690773E+00 0.741508113E+00 0.123097099E+01 0.100000000E+11
  0.476105100E+02 0.356057735E+02 0.101551300E+02 0.105285509E+00
  0.100000000E+05 0.100000000E+05 0.100000000E+05
  0.999000000E-01 0.000000000E+00 0.000000000E+00
  0.124631944E+03
  0.801560150E+01
  0.720666649E+01 0.164654719E+00 0.191996970E+01 0.128381862E+01
  0.759364758E+00 0.215507856E+02-0.500000000E+02-0.500000000E+02
 -0.500000000E+02-0.604101612E-02 0.201806664E+05 0.102328765E+06
  0.201058533E-08 0.148325085E+01 0.180000000E+01-0.196256325E-01
  0.145417042E+01 0.674402128E+02 0.000000000E+00 0.000000000E+00
  0.489117704E+02-0.124734345E+03 0.472201217E+02 0.121547861E+03
  0.154088036E+02-0.500000000E+02-0.496120887E+00-0.447195213E+00
  0.100000000E+03 0.376194964E+02 0.444457193E+02 0.123097099E+01
  0.937488852E+02-0.114754133E+01 0.602901997E-01 0.474129453E+03
  0.833483721E+00 0.865669558E+01 0.126412519E+06-0.127840264E-04
  0.289934546E+00 0.585718964E+03 0.116083763E+01 0.100000000E+02
    66   70   52    1
  0.134111942E-01 0.237109598E-01-0.336535373E-01-0.156881628E+00
 -0.162528422E+00-0.144043530E+00-0.924647500E-01 0.124610701E-01
  0.238376589E-01-0.254507742E-01-0.178195437E+00-0.161279324E+00
 -0.137998726E+00-0.938097110E-01-0.114247504E+00-0.147152155E+00
 -0.114647847E+00-0.146557348E+00 0.201547911E-01 0.743367666E-02
 -0.365041794E-01 0.252767034E-02 0.199692196E-01-0.405681617E-01
 -0.837082447E-02-0.888323521E-02-0.982164962E-02-0.103838869E-01
 -0.794706672E-02-0.842893626E-02-0.897456622E-02-0.992077181E-02
 -0.104850631E-01-0.105038895E-01-0.981942335E-02-0.268663160E-02
 -0.371502893E-02-0.105303679E-01-0.968696894E-02-0.149289383E-02
 -0.211490738E-02-0.139086773E-02-0.751839932E-01-0.785984516E-01
 -0.774488089E-01-0.882501901E-01-0.766337179E-01-0.790769109E-01
 -0.825023220E-01-0.884103131E-01-0.961818120E-01-0.971136561E-01
 -0.995100385E-01-0.972974711E-01-0.984917905E-01-0.991241722E-01
 -0.980881723E-01-0.939862432E-01 0.491075929E-02 0.767983094E-02
  0.331044497E-01-0.175378594E-07-0.175378594E-07-0.175378594E-07
 -0.175378594E-07-0.175378594E-07 0.292439109E+00 0.282350039E+00
  0.259397951E+00 0.227952241E+00 0.191908057E+00 0.154765283E+00
  0.291931600E+00 0.279325542E+00 0.254385286E+00 0.221466635E+00
  0.183745424E+00 0.145905427E+00-0.175330186E-01 0.115829765E+00
  0.210369012E-01 0.110216835E+00-0.168407697E+00-0.166936211E+00
 -0.162957242E+00-0.162657157E+00-0.161063427E+00-0.159169154E+00
 -0.204675788E+00-0.197879860E+00-0.189875510E+00-0.204039088E+00
 -0.229534224E+00-0.251076321E+00-0.164488058E+00-0.163795002E+00
 -0.161200143E+00-0.170703124E+00-0.174209730E+00-0.164656826E+00
 -0.160655064E+00-0.158866939E+00-0.163292696E+00-0.170140623E+00
 -0.185418030E+00-0.181614336E+00-0.211527449E+00-0.195906496E+00
 -0.253177476E+00-0.243250247E+00-0.223024884E+00-0.196418214E+00
  0.976468195E-01 0.102856035E+00-0.480789670E-01 0.755952099E-01
 -0.103964211E+00 0.851545168E-01 0.295333848E-01 0.881898583E-01
 -0.153351361E-01-0.979785288E-01 0.141152724E-01 0.835633645E-01
  0.168871724E+00-0.589247023E-01 0.980531864E-02-0.224755157E+00
 -0.897868309E-01-0.261618930E+00-0.170592333E+00-0.760002869E-01
 -0.233629653E-01-0.231701537E+00 0.141617286E+00-0.266594554E+00
  0.834804870E+04 0.123016491E+05-0.124963342E+05 0.606581047E+02
 -0.549497194E+04-0.482261526E+04-0.104380133E+04-0.113335889E+05
  0.121549360E+05 0.722568402E+04-0.862559082E+03 0.146246844E+05
 -0.263236747E+05 0.146246720E+05-0.233994520E+05 0.993648089E-06
  0.511308849E-06 0.761300342E+03 0.578835503E+03 0.706254965E+03
  0.778017681E+03 0.350005739E+03 0.276942142E+03 0.114356079E+04
  0.109708088E+04 0.132234216E+04-0.102928070E+04 0.121353395E+04
 -0.135259545E+04 0.397166015E+04 0.585930910E+04-0.898456504E+03
 -0.190589846E+04 0.152973907E+04-0.358044458E+04 0.223156513E+04
  0.972028038E+03 0.154511817E+03 0.625369799E+03 0.878281426E+03
  0.201554999E+03 0.107306384E+04-0.168640094E+04-0.654364465E+03
  0.260154015E+03 0.460037659E+03 0.365385950E+04 0.112296722E+04
  0.159398033E+04 0.333484088E+04 0.444552994E+04-0.181622046E+05
 -0.469751562E+04
  0.000000000E+00 0.279399998E+02-0.141491304E+03 0.814615530E+02
 -0.155025524E+03 0.000000000E+00 0.000000000E+00 0.000000000E+00
  0.000000000E+00 0.000000000E+00 0.100000000E+03 0.793163895E+01
  0.812002589E+00 0.235984108E+01-0.256654813E+00-0.243468299E+00
  0.466604723E-01 0.000000000E+00 0.999000000E+03 0.136841555E+01
  0.157698506E+02 0.140839611E+01 0.000000000E+00-0.896153369E+00
  0.167626627E+01 0.998999978E+00 0.903773216E+01 0.372582069E+00
  0.128342437E+00 0.355184979E+00 0.197418200E+00 0.144285604E+01
  0.255498539E+02 0.177089214E+01 0.197775713E+02 0.223044667E+02
 -0.890000000E+02-0.890000000E+02-0.890000000E+02-0.890000000E+02
  0.187405955E+02-0.890000000E+02-0.890000000E+02 0.279399998E+02
 -0.141491304E+03 0.810260134E+02 0.155196872E+03 0.814615530E+02
 -0.155025524E+03 0.187807243E+09 0.307300818E+00 0.499748333E+00
  0.633112122E+02 0.845937500E+02 0.000000000E+00 0.000000000E+00
                                            KIN
