           01/23/2002
 139057               1
  0.557000000E+03
* 557.000             1               0 SNB   3   1 FIX    39   40
  0.352378914E+02 0.860000000E+02-0.538061200E+00 0.923617200E+06
  0.907247234E+06 0.850475536E+02-0.626830028E+01 0.603791249E+02
  0.225027549E+01 0.395170577E+00 0.681939737E+00 0.122814673E+08
  0.937025098E+02-0.235498691E+01 0.123048912E+02 0.899136517E+01
  0.843217453E+00 0.678059408E+00 0.615850377E+01 0.100000000E+11
  0.291661154E+02 0.182022501E+02 0.959324508E+01-0.472643966E-01
  0.100000000E+05 0.100000000E+05 0.100000000E+05
  0.999000000E-01 0.000000000E+00 0.000000000E+00
  0.120755741E+03
  0.827289856E+01
  0.687049990E+01 0.177668864E+00 0.200119984E+01 0.146303056E+01
  0.644995986E+00 0.214108076E+02-0.500000000E+02-0.500000000E+02
 -0.500000000E+02-0.108959021E-01 0.246170711E+05 0.195102968E+06
  0.921737117E-08 0.165111468E+01 0.105000000E+01-0.159924608E-01
  0.165715237E+01 0.754548772E+02 0.000000000E+00 0.000000000E+00
  0.438726291E+02-0.142137965E+03 0.427200770E+02 0.139965922E+03
  0.231950746E+02-0.500000000E+02-0.510741810E+00-0.471641462E+00
  0.100000000E+03 0.239398069E+02 0.398501656E+02 0.615850377E+01
  0.981111011E+02-0.159454287E+01 0.634718845E-01 0.665100816E+03
  0.110529583E+01 0.117859496E+02 0.255742449E+06 0.100000009E-05
  0.323333530E+00 0.871819190E+03 0.148694504E+01 0.100000000E+02
    66   70   52    1
 -0.131482972E-01-0.169806308E-01-0.401868371E-01-0.854642525E-01
 -0.121063013E+00-0.133953519E+00-0.117669761E+00-0.155244513E-01
 -0.180771625E-01-0.385338713E-01-0.908064064E-01-0.123218996E+00
 -0.139393680E+00-0.115346346E+00-0.124828078E+00-0.113860457E+00
 -0.125268542E+00-0.116475370E+00-0.173731893E-01-0.264291557E-01
 -0.393331240E-01-0.284252226E-01-0.183149512E-01-0.405486698E-01
 -0.162431913E-01-0.165005308E-01-0.172362225E-01-0.176524921E-01
 -0.159269479E-01-0.162947213E-01-0.166022006E-01-0.173760430E-01
 -0.178570642E-01-0.177578322E-01-0.167275728E-01-0.491204720E-02
 -0.700848307E-02-0.180214018E-01-0.171579692E-01-0.702156992E-02
 -0.923359855E-02-0.992923961E-02-0.661365067E-01-0.617769275E-01
 -0.555723430E-01-0.581662685E-01-0.689808912E-01-0.641999527E-01
 -0.616656775E-01-0.599426397E-01-0.569594134E-01-0.546274242E-01
 -0.532690841E-01-0.511029604E-01-0.583379319E-01-0.556960266E-01
 -0.537540528E-01-0.517127144E-01-0.135493014E-01-0.145525060E-01
 -0.177657950E-01-0.306175484E-07-0.306175484E-07-0.306175484E-07
 -0.306175484E-07-0.306175484E-07 0.286960653E+00 0.281501913E+00
  0.268091345E+00 0.248399069E+00 0.222503037E+00 0.194827630E+00
  0.286374023E+00 0.278533806E+00 0.262948376E+00 0.241169294E+00
  0.213273627E+00 0.183630399E+00-0.144370448E-01 0.162765105E+00
  0.205403920E-01 0.152791409E+00-0.195983985E+00-0.174732992E+00
 -0.158805978E+00-0.196855412E+00-0.176187950E+00-0.159169919E+00
 -0.139277492E+00-0.138960775E+00-0.138256605E+00-0.136434091E+00
 -0.137981419E+00-0.137952969E+00-0.148994340E+00-0.160891973E+00
 -0.180332685E+00-0.199298636E+00-0.216587420E+00-0.146761450E+00
 -0.159070633E+00-0.178424123E+00-0.199009354E+00-0.213876909E+00
 -0.136238800E+00-0.138452423E+00-0.139501531E+00-0.139216912E+00
 -0.135367694E+00-0.136984472E+00-0.137521604E+00-0.136777706E+00
 -0.106643135E-01-0.496927722E-01 0.235269100E-01-0.533800809E-01
  0.128210722E-01-0.407607742E-01-0.632354276E-02-0.591098663E-01
 -0.180090424E-02-0.942415899E-01 0.133741482E-01 0.115246702E+00
 -0.407577517E-01-0.475161212E-01-0.675924792E-01-0.733447924E-01
 -0.824139987E-01-0.105290754E+00 0.289970820E-01-0.444184414E-01
  0.539430349E-01-0.734492553E-01 0.861495355E-01-0.103796133E+00
  0.120646749E+05 0.539134068E+03-0.400953035E+04 0.391113544E+03
 -0.944338762E+04-0.996421012E+04 0.901905009E+03-0.407560878E+04
  0.171754089E+03 0.134555253E+05 0.981323088E+03 0.161418196E+05
 -0.290548684E+05 0.161418042E+05-0.258267682E+05-0.700894663E-07
 -0.106782119E-06 0.836105563E+03 0.875791757E+03 0.921957491E+03
  0.110573776E+04 0.303370058E+03 0.480421163E+03 0.108465417E+04
  0.136628196E+04 0.182783364E+04 0.498021580E+01-0.571741706E+03
  0.163214564E+04-0.162444997E+04-0.158351194E+04 0.178644334E+04
 -0.774144211E+03 0.227372997E+03 0.227296877E+03-0.461933678E+04
  0.348481608E+03 0.561716940E+03 0.105934337E+04 0.103217638E+04
  0.876887608E+03 0.879464700E+03 0.114413627E+04 0.604396660E+03
 -0.566160609E+03 0.129482827E+03-0.118310146E+04 0.228953024E-02
  0.281690627E+02-0.121864798E+04-0.900997719E+03-0.197989793E+04
 -0.787076950E+04
  0.000000000E+00 0.279399996E+02-0.143773724E+03 0.443466397E+02
 -0.160340002E+03 0.000000000E+00 0.000000000E+00 0.000000000E+00
  0.000000000E+00 0.000000000E+00 0.100000000E+03 0.152151932E+01
  0.506622671E+00 0.193496537E+01-0.552490151E+00-0.634259341E+00
 -0.236753413E-01 0.000000000E+00 0.999000000E+03 0.241586569E+01
  0.208672643E+02 0.105000000E+01 0.000000000E+00 0.910938493E+00
  0.134574805E+02 0.998999978E+00 0.923932530E+01 0.000000000E+00
  0.732969385E-01 0.270151930E+00 0.246709370E+00 0.145363942E+01
  0.311432328E+02 0.183203418E+01 0.231625778E+02 0.223416206E+02
 -0.890000000E+02-0.890000000E+02-0.890000000E+02-0.890000000E+02
  0.526497886E+01-0.890000000E+02-0.890000000E+02 0.279399996E+02
 -0.143773724E+03 0.429905181E+02 0.160339997E+03 0.443466397E+02
 -0.160340002E+03 0.339901741E+09 0.100299403E+00 0.239607851E+00
  0.832678412E+02 0.946250000E+02 0.000000000E+00 0.000000000E+00
                                            KIN
