           01/23/2002
 139037               1
  0.600000000E+02
*  60.000             0               8 SNB   3   1 CLC    39   40
  0.000000000E+00 0.850000020E+02-0.487369510E+00 0.112775350E+07
  0.112775350E+07 0.860756002E+02-0.102289592E+02 0.596490881E+02
  0.237779873E+01 0.417241922E+00 0.699961745E+00 0.120840761E+08
  0.875251647E+02-0.440493161E+01 0.877179366E+01 0.104483428E+02
  0.516846849E+00 0.617462411E+00 0.791651210E+01 0.100000000E+11
  0.279005280E+02 0.827762370E+01 0.685860922E+01-0.308663885E-01
  0.100000000E+05 0.100000000E+05 0.100000000E+05
  0.000000000E+00 0.000000000E+00 0.000000000E+00
  0.119263040E+03
  0.000000000E+00
  0.415751251E+01 0.216391403E+00 0.177489887E+01 0.839311558E+00
  0.549818780E+00 0.147852049E+02-0.500000000E+02-0.500000000E+02
 -0.500000000E+02 0.104431816E-01 0.242166836E+05 0.174544719E+06
  0.913290048E-08 0.172532312E+01 0.117344013E+01-0.455484264E-01
  0.165312770E+01 0.713578027E+02 0.000000000E+00 0.000000000E+00
  0.443235204E+02-0.152062485E+03 0.484433615E+02 0.143407965E+03
 -0.100000000E+03-0.500000000E+02-0.500682157E+00-0.427361895E+00
  0.100000000E+03 0.368515797E+02 0.446616866E+02 0.791651210E+01
  0.969351967E+02-0.267336509E+01 0.975109490E-01 0.000000000E+00
  0.954802708E+00 0.193018610E+02 0.322447105E+06 0.000000000E+00
  0.000000000E+00 0.000000000E+00 0.132439704E+01 0.100000000E+02
    66   70   52    1
  0.559330849E-02 0.568615892E-02-0.218278720E-01-0.762875967E-01
 -0.120885089E+00-0.147470335E+00-0.101404094E+00-0.515787862E-02
 -0.438773907E-03-0.213568042E-01-0.770680002E-01-0.117244209E+00
 -0.139153943E+00-0.105183867E+00-0.119521753E+00-0.115219114E+00
 -0.122253548E+00-0.110543733E+00 0.527214093E-02-0.482035469E-02
 -0.208497375E-01-0.102959234E-01 0.573715403E-03-0.234716539E-01
  0.168572764E-02 0.125993414E-02 0.540001147E-03-0.230271819E-03
  0.197710647E-02 0.158199475E-02 0.105313864E-02 0.265408465E-03
 -0.491315526E-03 0.112353886E-02 0.242410620E-02 0.116163825E-01
  0.118161106E-01 0.830858288E-03 0.181172220E-02 0.799557703E-02
  0.762471456E-02 0.169368020E-01-0.550319663E-01-0.510362533E-01
 -0.431427235E-01-0.460179625E-01-0.592854619E-01-0.533929847E-01
 -0.492410015E-01-0.464392536E-01-0.444049166E-01-0.413561960E-01
 -0.397880872E-01-0.371487764E-01-0.448401556E-01-0.416793450E-01
 -0.390355540E-01-0.362441973E-01 0.197614431E-01 0.157220787E-01
 -0.135334950E-01 0.825967939E-09 0.825967939E-09 0.825967939E-09
  0.825967939E-09 0.825967939E-09 0.372915457E+00 0.389083039E+00
  0.382819516E+00 0.317263086E+00 0.351953797E+00 0.243678861E+00
  0.371516828E+00 0.382580421E+00 0.371823934E+00 0.302375657E+00
  0.334975108E+00 0.223095261E+00-0.576063470E-01 0.227790472E+00
 -0.111042003E-01 0.228129288E+00-0.231099051E+00-0.215418102E+00
 -0.200289791E+00-0.216990484E+00-0.197352723E+00-0.184201143E+00
 -0.164876157E+00-0.159935126E+00-0.156080066E+00-0.144010461E+00
 -0.145519421E+00-0.146701802E+00-0.187251798E+00-0.202899759E+00
 -0.221256644E+00-0.233300604E+00-0.246363064E+00-0.169522338E+00
 -0.184135285E+00-0.201908747E+00-0.219133801E+00-0.236129529E+00
 -0.153638125E+00-0.155988132E+00-0.164182797E+00-0.165352787E+00
 -0.144294425E+00-0.145375359E+00-0.144558346E+00-0.144544705E+00
 -0.927000064E-02-0.446092781E-01-0.130962006E+00 0.968676066E-01
 -0.784744243E-01-0.114063851E+00 0.603673230E-01-0.304318819E-01
 -0.247476645E-01-0.654712693E-01 0.361379065E-01 0.884876955E-01
 -0.412510262E-01-0.479316877E-01-0.778902137E-01-0.911498914E-01
 -0.916695955E-01-0.128516702E+00 0.544419883E-01-0.606317968E-01
  0.647894451E-01-0.817995216E-01 0.931240449E-01-0.113002115E+00
  0.592891655E+04 0.214515647E+04-0.395230521E+04-0.135396869E+02
 -0.103887502E+05-0.874208910E+04-0.198307278E+04-0.461697255E+04
  0.109825582E+04 0.948581963E+04 0.403280203E+04 0.156144154E+02
  0.300365080E+02-0.240457357E+03-0.585371058E+02 0.287267310E+04
 -0.242632059E+04-0.104185984E+06-0.972712682E+05-0.200335157E+05
 -0.174438831E+03 0.411061652E+03-0.100062265E+03 0.114247255E+03
 -0.166740997E+03 0.454392114E+03-0.405607131E+03-0.762173215E+02
 -0.342847440E+04 0.447797128E+04 0.602292759E+04-0.385047533E+04
  0.152399079E+04-0.251961502E+03 0.706115511E+03-0.194246408E+04
 -0.588327376E+04 0.268095209E+04-0.123490733E+05-0.237857316E+05
 -0.963428292E+05-0.104346338E+06 0.667010023E+03 0.167120233E+04
 -0.111908224E+04-0.895510352E+03 0.335361055E+04-0.244911113E+03
  0.153935965E+04 0.480607197E+04 0.105506318E+04-0.389713977E+04
  0.000000000E+00
  0.000000000E+00 0.000000000E+00 0.000000000E+00 0.000000000E+00
  0.000000000E+00 0.000000000E+00 0.000000000E+00 0.000000000E+00
  0.000000000E+00 0.000000000E+00 0.100000000E+03 0.000000000E+00
  0.105596203E+01 0.286366583E+01-0.660966587E+00-0.648063356E+00
 -0.122646045E-01 0.000000000E+00 0.999000000E+03 0.175321745E+01
  0.202914639E+02 0.116723270E+01 0.000000000E+00 0.706776657E-01
 -0.999000000E+03-0.999000000E+03 0.526734816E+01 0.705349775E-01
  0.258652093E+00 0.601023454E+00 0.264265121E+00 0.145689552E+01
  0.316278938E+02 0.193207756E+01 0.190257165E+02 0.152403138E+02
 -0.890000000E+02-0.890000000E+02-0.890000000E+02-0.890000000E+02
  0.364491215E+01-0.890000000E+02-0.890000000E+02-0.890000000E+02
 -0.890000000E+02 0.547776760E+02 0.160340002E+03-0.890000000E+02
 -0.890000000E+02 0.000000000E+00 0.322851134E+00 0.500861237E+00
  0.667852034E+02 0.896093750E+02 0.000000000E+00 0.000000000E+00
                                            MAG
