
 **** VARY PED ****
 i       pres          w     nustar       temp        den        cur   ne_shift   te_shift   pe_shift
60       1.00       1.00       1.00       1.00       1.00       1.00       0.00       0.00       0.00
 &IN1
 ISHOT = 139037
 ITIME = 60
 FWTCUR = 0.0
 PLASMA = 1127753.5
 RCENTR = 0.85000002
 BTOR = -0.48736951
 MXITER = 1
 NXITER = 250
 ICONVR = 3
 RELAX = 1.0
 ERROR = 1e-08
 CFCOIL = -10.0
 LIMITR = 38
 XLIM = 0.1851 0.1851 0.27939999 0.27939999 0.29789999 0.57120001 0.57120001
  0.61699998 1.194 1.0433 1.3192 1.3358001 1.4851 1.4791 1.5174 1.5312999
  1.5464 1.5608 1.567 1.5657001 1.5543 1.5341001 1.5181 1.4818 1.4851 1.3358001
  1.3192 1.0433 1.194 0.61699998 0.57120001 0.57120001 0.29789999 0.27939999
  0.27939999 0.1851 0.1851 0.1851
 YLIM = 0.0 1.0081 1.1714 1.5779999 1.6034 1.6034 1.628 1.628 1.401 1.4299999
  1.0397 0.99760002 0.54500002 0.49950001 0.30599999 0.23549999 0.1586 0.0801
  0.0 -0.0177 -0.1123 -0.221 -0.3026 -0.486 -0.54500002 -0.99760002 -1.0397
  -1.4299999 -1.401 -1.628 -1.628 -1.6034 -1.6034 -1.5779999 -1.1714 -1.0081
  0.0 0.0
 NBDRY = 155
 RBDRY = 0.26482904 0.26569843 0.2675105 0.27026945 0.27402121 0.2775
  0.28147054 0.28766859 0.29421875 0.29911458 0.30822149 0.31327072 0.32431749
  0.33043396 0.34382275 0.35103458 0.36109376 0.37570125 0.38493058 0.39485967
  0.41125 0.42796874 0.44241747 0.45806387 0.47726697 0.49484375 0.51156253
  0.54500002 0.56171876 0.59515625 0.62859374 0.66203123 0.67874998 0.71218753
  0.74562502 0.76234376 0.79578125 0.8125 0.84593749 0.86265624 0.89609373
  0.91281247 0.93681949 0.96296877 0.97968751 1.0060484 1.0298438 1.0465626
  1.0672801 1.094561 1.1134375 1.1301563 1.146875 1.1675909 1.1885521 1.2081337
  1.2264574 1.2437067 1.2600497 1.2756172 1.2905006 1.3047568 1.3184519
  1.3317096 1.3475 1.3642187 1.3795372 1.390718 1.4012587 1.4143749 1.4284203
  1.4360814 1.4476043 1.4522188 1.4570609 1.4564322 1.4503769 1.4452899
  1.4326459 1.4245758 1.4143749 1.3976562 1.3851906 1.3739294 1.3621315 1.3475
  1.3307812 1.3140625 1.2973437 1.2828164 1.267472 1.2511774 1.233821 1.215234
  1.1970313 1.1803125 1.1635938 1.146875 1.1261696 1.1006925 1.08 1.0632813
  1.0451146 1.0162992 0.99640626 0.97968751 0.95463377 0.92953128 0.91281247
  0.88967288 0.86265624 0.84593749 0.82086211 0.79578125 0.77906251 0.74562502
  0.72890627 0.70039749 0.67874998 0.64936793 0.62859374 0.59515625 0.57843751
  0.54500002 0.51156253 0.47812501 0.4410845 0.42076278 0.42331889 0.42092589
  0.41396797 0.40918151 0.39812711 0.39192015 0.37896559 0.37219676 0.36109376
  0.35240635 0.34437501 0.33396274 0.32765624 0.31752458 0.31093749 0.30334908
  0.29527456 0.29152274 0.28480074 0.27918354 0.27673569 0.27235875 0.26902622
  0.26667023 0.26522306 0.26472881 0.26482904
 ZBDRY = 0.0 0.068750001 0.1375 0.20625 0.27500001 0.3253758 0.37812501
  0.44687501 0.50762612 0.55000001 0.61874998 0.65312499 0.72187501 0.75625002
  0.82499999 0.859375 0.90347821 0.96249998 0.99687499 1.03125 1.0843349
  1.1319075 1.16875 1.203125 1.2375 1.262208 1.2800184 1.3023385 1.3092024
  1.3157585 1.3148142 1.3080541 1.3029581 1.2909883 1.2752184 1.2659715
  1.2459888 1.2345183 1.2109654 1.1978728 1.1709217 1.1563607 1.134375
  1.1097348 1.0929348 1.065625 1.0401846 1.0211835 0.99687499 0.96249998
  0.93801808 0.9148823 0.89058065 0.859375 0.82499999 0.79062498 0.75625002
  0.72187501 0.6875 0.65312499 0.61874998 0.58437502 0.55000001 0.515625
  0.47199428 0.42457274 0.37812501 0.34375 0.30937499 0.26250476 0.20625
  0.171875 0.103125 0.068750001 0.0 -0.068750001 -0.1375 -0.171875 -0.24062499
  -0.27500001 -0.31471905 -0.37191042 -0.41249999 -0.44687501 -0.48124999
  -0.52347749 -0.56863403 -0.61140418 -0.65235656 -0.6875 -0.72187501
  -0.75625002 -0.79062498 -0.82499999 -0.85568684 -0.88296252 -0.90899116
  -0.93377656 -0.96249998 -0.99687499 -1.0231506 -1.043975 -1.065625 -1.1
  -1.1227311 -1.1415768 -1.16875 -1.1958854 -1.2137939 -1.2375 -1.2652795
  -1.2822311 -1.30625 -1.330231 -1.3455038 -1.3737311 -1.3879601 -1.409375
  -1.425426 -1.44375 -1.456663 -1.4731166 -1.4807866 -1.4937507 -1.5022471
  -1.5072125 -1.508342 -1.5081934 -1.44375 -1.375 -1.30625 -1.271875 -1.203125
  -1.16875 -1.1 -1.065625 -1.0081519 -0.96249998 -0.91840649 -0.859375
  -0.82082486 -0.75625002 -0.70959991 -0.65312499 -0.58437502 -0.55000001
  -0.48124999 -0.41249999 -0.37812501 -0.30937499 -0.24062499 -0.171875
  -0.103125 -0.034375001 0.0
 RZERO = 0.85000002
 KPPFNC = 6
 KFFFNC = 6
 PPTENS = 2.0
 FFTENS = 2.0
 KPPKNT = 8
 PPKNT = 0.0 0.29999999999999999 0.75656569108676897 0.90671257196151367
  0.92816212637219153 0.94961168078286928 0.99251078960422501 1.0
 KFFKNT = 7
 FFKNT = 0.0 0.56156156156156156 0.80180180180180183 0.9119119119119119
  0.93593593593593594 0.95195195195195192 1.0
 ICURRT = 2
 KCALPA = 16
 CALPA = 1.0 0.0 0.0 0.0 0.0 0.0 0.0 0.0 0.0 0.0 0.0 0.0 0.0 0.0 0.0 0.0 0.0
  0.0 0.0 1.0 0.0 0.0 0.0 0.0 0.0 0.0 0.0 0.0 0.0 0.0 0.0 0.0 0.0 0.0 0.0 0.0
  0.0 0.0 1.0 0.0 0.0 0.0 0.0 0.0 0.0 0.0 0.0 0.0 0.0 0.0 0.0 0.0 0.0 0.0 0.0
  0.0 0.0 1.0 0.0 0.0 0.0 0.0 0.0 0.0 0.0 0.0 0.0 0.0 0.0 0.0 0.0 0.0 0.0 0.0
  0.0 0.0 1.0 0.0 0.0 0.0 0.0 0.0 0.0 0.0 0.0 0.0 0.0 0.0 0.0 0.0 0.0 0.0 0.0
  0.0 0.0 1.0 0.0 0.0 0.0 0.0 0.0 0.0 0.0 0.0 0.0 0.0 0.0 0.0 0.0 0.0 0.0 0.0
  0.0 0.0 1.0 0.0 0.0 0.0 0.0 0.0 0.0 0.0 0.0 0.0 0.0 0.0 0.0 0.0 0.0 0.0 0.0
  0.0 0.0 1.0 0.0 0.0 0.0 0.0 0.0 0.0 0.0 0.0 0.0 0.0 0.0 0.0 0.0 0.0 0.0 0.0
  0.0 0.0 1.0 0.0 0.0 0.0 0.0 0.0 0.0 0.0 0.0 0.0 0.0 0.0 0.0 0.0 0.0 0.0 0.0
  0.0 0.0 1.0 0.0 0.0 0.0 0.0 0.0 0.0 0.0 0.0 0.0 0.0 0.0 0.0 0.0 0.0 0.0 0.0
  0.0 0.0 1.0 0.0 0.0 0.0 0.0 0.0 0.0 0.0 0.0 0.0 0.0 0.0 0.0 0.0 0.0 0.0 0.0
  0.0 0.0 1.0 0.0 0.0 0.0 0.0 0.0 0.0 0.0 0.0 0.0 0.0 0.0 0.0 0.0 0.0 0.0 0.0
  0.0 0.0 1.0 0.0 0.0 0.0 0.0 0.0 0.0 0.0 0.0 0.0 0.0 0.0 0.0 0.0 0.0 0.0 0.0
  0.0 0.0 1.0 0.0 0.0 0.0 0.0 0.0 0.0 0.0 0.0 0.0 0.0 0.0 0.0 0.0 0.0 0.0 0.0
  0.0 0.0 1.0 0.0 0.0 0.0 0.0 0.0 0.0 0.0 0.0 0.0 0.0 0.0 0.0 0.0 0.0 0.0 0.0
  0.0 0.0 1.0 0.0 0.0
 XALPA = 47792.884737776571 513498.875 187454.81197367384 -1942872.75
  231394.85680838287 -14088843.0 239342.02141975213 85187408.0
  367638.35655505786 615486336.0 617004.70338378043 -962718080.0
  382789.89682714717 149567104.0 307764.0 -333791104.0
 KCGAMA = 14
 CGAMA = 1.0 0.0 0.0 0.0 0.0 0.0 0.0 0.0 0.0 0.0 0.0 0.0 0.0 0.0 0.0 0.0 0.0
  0.0 0.0 1.0 0.0 0.0 0.0 0.0 0.0 0.0 0.0 0.0 0.0 0.0 0.0 0.0 0.0 0.0 0.0 0.0
  0.0 0.0 1.0 0.0 0.0 0.0 0.0 0.0 0.0 0.0 0.0 0.0 0.0 0.0 0.0 0.0 0.0 0.0 0.0
  0.0 0.0 1.0 0.0 0.0 0.0 0.0 0.0 0.0 0.0 0.0 0.0 0.0 0.0 0.0 0.0 0.0 0.0 0.0
  0.0 0.0 1.0 0.0 0.0 0.0 0.0 0.0 0.0 0.0 0.0 0.0 0.0 0.0 0.0 0.0 0.0 0.0 0.0
  0.0 0.0 1.0 0.0 0.0 0.0 0.0 0.0 0.0 0.0 0.0 0.0 0.0 0.0 0.0 0.0 0.0 0.0 0.0
  0.0 0.0 1.0 0.0 0.0 0.0 0.0 0.0 0.0 0.0 0.0 0.0 0.0 0.0 0.0 0.0 0.0 0.0 0.0
  0.0 0.0 1.0 0.0 0.0 0.0 0.0 0.0 0.0 0.0 0.0 0.0 0.0 0.0 0.0 0.0 0.0 0.0 0.0
  0.0 0.0 1.0 0.0 0.0 0.0 0.0 0.0 0.0 0.0 0.0 0.0 0.0 0.0 0.0 0.0 0.0 0.0 0.0
  0.0 0.0 1.0 0.0 0.0 0.0 0.0 0.0 0.0 0.0 0.0 0.0 0.0 0.0 0.0 0.0 0.0 0.0 0.0
  0.0 0.0 1.0 0.0 0.0 0.0 0.0 0.0 0.0 0.0 0.0 0.0 0.0 0.0 0.0 0.0 0.0 0.0 0.0
  0.0 0.0 1.0 0.0 0.0 0.0 0.0 0.0 0.0 0.0 0.0 0.0 0.0 0.0 0.0 0.0 0.0 0.0 0.0
  0.0 0.0 1.0 0.0 0.0 0.0 0.0 0.0 0.0 0.0 0.0 0.0 0.0 0.0 0.0 0.0 0.0 0.0 0.0
  0.0 0.0 1.0 0.0 0.0 0.0 0.0
 XGAMA = 0.94933159988679172 -1.7509597539901733 0.17690146206412288
  13.435055732727051 0.20945871030048044 -8.1535615921020508
  0.17651465744076061 1.3204803466796875 0.1388213194755844 -302.6143798828125
  0.056263382211310643 162.03466796875 -0.04709830403883361 52.603809356689453
 /
