256 psinorm ne(10^20/m^3) dne/dpsi
 0.000000   0.559248   -0.055239
 0.010010   0.558657   -0.062853
 0.019019   0.558060   -0.069473
 0.028028   0.557405   -0.075873
 0.036036   0.556776   -0.081377
 0.044044   0.556103   -0.086707
 0.051051   0.555479   -0.091228
 0.058058   0.554824   -0.095616
 0.065065   0.554139   -0.099871
 0.071071   0.553529   -0.103411
 0.077077   0.552897   -0.106854
 0.083083   0.552246   -0.110199
 0.089089   0.551574   -0.113446
 0.095095   0.550883   -0.116595
 0.101101   0.550174   -0.119646
 0.106106   0.549569   -0.122114
 0.111111   0.548951   -0.124514
 0.116116   0.548322   -0.126846
 0.121121   0.547682   -0.129110
 0.126126   0.547030   -0.131306
 0.131131   0.546367   -0.133434
 0.136136   0.545694   -0.135494
 0.141141   0.545011   -0.137486
 0.146146   0.544318   -0.139410
 0.151151   0.543616   -0.141267
 0.156156   0.542904   -0.143055
 0.161161   0.542184   -0.144775
 0.166166   0.541455   -0.146427
 0.171171   0.540718   -0.148011
 0.176176   0.539974   -0.149527
 0.180180   0.539373   -0.150691
 0.184184   0.538767   -0.151812
 0.188188   0.538157   -0.152889
 0.192192   0.537543   -0.153922
 0.196196   0.536924   -0.154912
 0.200200   0.536302   -0.155859
 0.204204   0.535676   -0.156762
 0.208208   0.535047   -0.157620
 0.212212   0.534414   -0.158436
 0.216216   0.533778   -0.159207
 0.220220   0.533139   -0.159934
 0.224224   0.532498   -0.160618
 0.228228   0.531853   -0.161258
 0.232232   0.531206   -0.161855
 0.236236   0.530557   -0.162407
 0.240240   0.529906   -0.162916
 0.244244   0.529253   -0.163381
 0.248248   0.528598   -0.163802
 0.252252   0.527941   -0.164179
 0.256256   0.527283   -0.164513
 0.260260   0.526624   -0.164802
 0.264264   0.525963   -0.165048
 0.268268   0.525302   -0.165251
 0.272272   0.524640   -0.165409
 0.276276   0.523977   -0.165524
 0.280280   0.523314   -0.165595
 0.284284   0.522651   -0.165624
 0.288288   0.521988   -0.165610
 0.292292   0.521325   -0.165553
 0.296296   0.520662   -0.165453
 0.300300   0.520000   -0.165311
 0.304304   0.519339   -0.165127
 0.308308   0.518678   -0.164899
 0.312312   0.518018   -0.164629
 0.316316   0.517360   -0.164317
 0.320320   0.516702   -0.163961
 0.324324   0.516047   -0.163563
 0.328328   0.515393   -0.163122
 0.332332   0.514741   -0.162639
 0.336336   0.514090   -0.162113
 0.340340   0.513442   -0.161544
 0.344344   0.512797   -0.160933
 0.348348   0.512154   -0.160279
 0.352352   0.511513   -0.159582
 0.356356   0.510876   -0.158843
 0.360360   0.510241   -0.158060
 0.364364   0.509610   -0.157232
 0.368368   0.508982   -0.156358
 0.372372   0.508358   -0.155437
 0.376376   0.507738   -0.154471
 0.380380   0.507121   -0.153458
 0.384384   0.506509   -0.152400
 0.388388   0.505901   -0.151295
 0.392392   0.505297   -0.150144
 0.396396   0.504698   -0.148947
 0.400400   0.504105   -0.147705
 0.404404   0.503516   -0.146416
 0.408408   0.502932   -0.145081
 0.412412   0.502354   -0.143700
 0.416416   0.501781   -0.142273
 0.421421   0.501074   -0.140424
 0.426426   0.500376   -0.138504
 0.431431   0.499688   -0.136511
 0.436436   0.499010   -0.134447
 0.441441   0.498342   -0.132310
 0.446446   0.497685   -0.130102
 0.451451   0.497040   -0.127821
 0.456456   0.496406   -0.125469
 0.461461   0.495784   -0.123050
 0.466466   0.495174   -0.120571
 0.471471   0.494577   -0.118032
 0.476476   0.493993   -0.115434
 0.481481   0.493422   -0.112777
 0.487487   0.492754   -0.109509
 0.493493   0.492106   -0.106155
 0.499499   0.491479   -0.102716
 0.505506   0.490873   -0.099191
 0.511512   0.490288   -0.095580
 0.518519   0.489633   -0.091259
 0.525526   0.489009   -0.086822
 0.532533   0.488417   -0.082267
 0.540541   0.487779   -0.076919
 0.548549   0.487185   -0.071419
 0.557558   0.486570   -0.065048
 0.567568   0.485956   -0.057746
 0.579580   0.485316   -0.048655
 0.595596   0.484637   -0.036064
 0.647648   0.483939   0.011069
 0.666667   0.484337   0.031105
 0.679680   0.484836   0.045717
 0.689690   0.485352   0.057443
 0.698699   0.485919   0.068362
 0.706707   0.486506   0.078357
 0.713714   0.487086   0.087328
 0.719720   0.487634   0.095179
 0.725726   0.488230   0.103201
 0.731732   0.488874   0.111172
 0.736737   0.489446   0.117534
 0.741742   0.490050   0.123605
 0.746747   0.490683   0.129395
 0.751752   0.491345   0.134902
 0.756757   0.492033   0.140126
 0.760761   0.492602   0.144101
 0.764765   0.493187   0.147895
 0.768769   0.493786   0.151508
 0.772773   0.494400   0.154940
 0.776777   0.495027   0.158191
 0.780781   0.495666   0.161262
 0.784785   0.496318   0.164147
 0.788789   0.496981   0.166867
 0.792793   0.497654   0.169347
 0.796797   0.498337   0.172010
 0.800801   0.499033   0.175761
 0.804805   0.499746   0.180896
 0.808809   0.500483   0.187352
 0.811812   0.501054   0.193072
 0.814815   0.501644   0.199541
 0.817818   0.502253   0.206761
 0.820821   0.502886   0.214731
 0.823824   0.503544   0.223452
 0.826827   0.504229   0.232922
 0.829830   0.504944   0.243143
 0.832833   0.505690   0.254115
 0.835836   0.506471   0.265836
 0.838839   0.507287   0.278307
 0.840841   0.507853   0.287040
 0.842843   0.508437   0.296100
 0.844845   0.509039   0.305517
 0.846847   0.509660   0.314595
 0.848849   0.510298   0.322548
 0.850851   0.510951   0.329336
 0.852853   0.511616   0.334971
 0.854855   0.512291   0.339449
 0.856857   0.512974   0.342771
 0.858859   0.513663   0.344937
 0.860861   0.514355   0.345946
 0.862863   0.515047   0.345800
 0.864865   0.515738   0.344498
 0.866867   0.516426   0.342039
 0.868869   0.517107   0.338424
 0.870871   0.517780   0.333654
 0.872873   0.518442   0.327727
 0.874875   0.519092   0.320644
 0.876877   0.519725   0.312405
 0.878879   0.520342   0.303010
 0.880881   0.520938   0.292458
 0.883884   0.521790   0.274464
 0.886887   0.522584   0.253868
 0.889890   0.523312   0.230672
 0.892893   0.523967   0.204873
 0.896897   0.524711   0.166432
 0.902903   0.525517   0.100082
 0.914915   0.525777   -0.063734
 0.919920   0.525259   -0.144531
 0.922923   0.524748   -0.195677
 0.925926   0.524071   -0.259272
 0.927928   0.523497   -0.316549
 0.929930   0.522795   -0.386861
 0.931932   0.521940   -0.469815
 0.933934   0.520905   -0.565515
 0.934935   0.520313   -0.618134
 0.935936   0.519667   -0.673935
 0.936937   0.518963   -0.732916
 0.937938   0.518198   -0.795080
 0.938939   0.517370   -0.860422
 0.939940   0.516475   -0.929024
 0.940941   0.515509   -1.000972
 0.941942   0.514470   -1.076270
 0.942943   0.513353   -1.154918
 0.943944   0.512156   -1.236916
 0.944945   0.510876   -1.322261
 0.945946   0.509508   -1.410965
 0.946947   0.508050   -1.502981
 0.947948   0.506498   -1.598540
 0.948949   0.504848   -1.698318
 0.949950   0.503096   -1.802614
 0.950951   0.501238   -1.911376
 0.951952   0.499268   -2.024614
 0.952953   0.497183   -2.142334
 0.953954   0.494978   -2.264491
 0.954955   0.492648   -2.390953
 0.955956   0.490190   -2.521661
 0.956957   0.487598   -2.656625
 0.957958   0.484870   -2.795846
 0.958959   0.482000   -2.939151
 0.959960   0.478984   -3.086355
 0.960961   0.475820   -3.237450
 0.961962   0.472502   -3.392445
 0.962963   0.469027   -3.550956
 0.963964   0.465392   -3.712569
 0.964965   0.461593   -3.877285
 0.965966   0.457628   -4.044618
 0.966967   0.453495   -4.214050
 0.967968   0.449191   -4.385583
 0.968969   0.444715   -4.558596
 0.969970   0.440064   -4.732508
 0.970971   0.435240   -4.907005
 0.971972   0.430241   -5.081262
 0.972973   0.425067   -5.254942
 0.973974   0.419721   -5.427399
 0.974975   0.414202   -5.597889
 0.975976   0.408515   -5.765759
 0.976977   0.402660   -5.930354
 0.977978   0.396643   -6.090933
 0.978979   0.390468   -6.246734
 0.979980   0.384139   -6.397153
 0.980981   0.377663   -6.541308
 0.981982   0.371046   -6.678569
 0.982983   0.364295   -6.808209
 0.983984   0.357419   -6.929517
 0.984985   0.350425   -7.041881
 0.985986   0.343324   -7.144659
 0.986987   0.336125   -7.237268
 0.987988   0.328838   -7.319216
 0.988989   0.321475   -7.390021
 0.989990   0.314047   -7.449275
 0.990991   0.306566   -7.496664
 0.991992   0.299043   -7.531921
 0.992993   0.291491   -7.554860
 0.993994   0.283922   -7.565380
 0.994995   0.276349   -7.563454
 0.995996   0.268784   -7.549136
 0.996997   0.261240   -7.522562
 0.997998   0.253728   -7.483933
 0.998999   0.246261   -7.433570
 1.000000   0.238850   -7.371684
256 psinorm te(KeV) dte/dpsi
 0.000000   0.925062   0.184174
 0.098098   0.931435   -0.051123
 0.134134   0.928112   -0.132846
 0.160160   0.923904   -0.190292
 0.181181   0.919425   -0.235727
 0.199199   0.914832   -0.273984
 0.215215   0.910175   -0.307460
 0.229229   0.905664   -0.336341
 0.242242   0.901114   -0.362815
 0.254254   0.896611   -0.386960
 0.266266   0.891819   -0.410824
 0.277277   0.887176   -0.432452
 0.288288   0.882297   -0.453843
 0.298298   0.877657   -0.473085
 0.308308   0.872826   -0.492131
 0.317317   0.868316   -0.509105
 0.326326   0.863653   -0.525921
 0.335335   0.858840   -0.542579
 0.343343   0.854436   -0.557253
 0.351351   0.849916   -0.571802
 0.359359   0.845279   -0.586226
 0.367367   0.840527   -0.600525
 0.375375   0.835661   -0.614698
 0.382382   0.831311   -0.626998
 0.389389   0.826875   -0.639201
 0.396396   0.822353   -0.651309
 0.403403   0.817747   -0.663321
 0.410410   0.813058   -0.675238
 0.417417   0.808285   -0.687058
 0.424424   0.803429   -0.698783
 0.430430   0.799203   -0.708757
 0.436436   0.794916   -0.718660
 0.442442   0.790570   -0.728493
 0.448448   0.786165   -0.738256
 0.454454   0.781702   -0.747948
 0.460460   0.777181   -0.757570
 0.466466   0.772603   -0.767121
 0.472472   0.767967   -0.776602
 0.478478   0.763274   -0.786013
 0.484484   0.758525   -0.795353
 0.490490   0.753720   -0.804624
 0.495495   0.749674   -0.812295
 0.500501   0.745589   -0.819917
 0.505506   0.741467   -0.827491
 0.510511   0.737306   -0.835016
 0.515516   0.733108   -0.842492
 0.520521   0.728873   -0.849919
 0.525526   0.724601   -0.857297
 0.530531   0.720292   -0.864626
 0.535536   0.715946   -0.871907
 0.540541   0.711564   -0.879138
 0.545546   0.707146   -0.886321
 0.550551   0.702692   -0.893455
 0.555556   0.698202   -0.900540
 0.560561   0.693678   -0.907576
 0.565566   0.689118   -0.914564
 0.570571   0.684523   -0.921502
 0.575576   0.679894   -0.928392
 0.579580   0.676165   -0.933868
 0.583584   0.672415   -0.939313
 0.587588   0.668643   -0.944727
 0.591592   0.664850   -0.950110
 0.595596   0.661035   -0.955462
 0.599600   0.657198   -0.960782
 0.603604   0.653341   -0.966071
 0.607608   0.649462   -0.971328
 0.611612   0.645563   -0.976555
 0.615616   0.641642   -0.981750
 0.619620   0.637701   -0.986914
 0.623624   0.633739   -0.992046
 0.627628   0.629756   -0.997148
 0.631632   0.625754   -1.002218
 0.635636   0.621731   -1.007257
 0.639640   0.617688   -1.012265
 0.643644   0.613625   -1.017241
 0.647648   0.609542   -1.022186
 0.651652   0.605439   -1.027100
 0.655656   0.601317   -1.031983
 0.659660   0.597175   -1.036835
 0.663664   0.593014   -1.041655
 0.667668   0.588833   -1.046445
 0.671672   0.584634   -1.051203
 0.675676   0.580415   -1.055930
 0.679680   0.576178   -1.060627
 0.683684   0.571922   -1.065292
 0.687688   0.567647   -1.069927
 0.691692   0.563354   -1.074530
 0.694695   0.560122   -1.077963
 0.697698   0.556880   -1.081378
 0.700701   0.553627   -1.084776
 0.703704   0.550364   -1.088158
 0.706707   0.547092   -1.091522
 0.709710   0.543809   -1.094869
 0.712713   0.540516   -1.098200
 0.715716   0.537213   -1.101513
 0.718719   0.533900   -1.104811
 0.721722   0.530578   -1.108092
 0.724725   0.527245   -1.111356
 0.727728   0.523903   -1.114605
 0.730731   0.520551   -1.117839
 0.733734   0.517189   -1.121056
 0.736737   0.513818   -1.124259
 0.739740   0.510437   -1.127448
 0.742743   0.507046   -1.130622
 0.745746   0.503646   -1.133782
 0.748749   0.500237   -1.136930
 0.751752   0.496818   -1.140066
 0.754755   0.493390   -1.143189
 0.757758   0.489952   -1.146302
 0.760761   0.486505   -1.149407
 0.763764   0.483048   -1.152504
 0.766767   0.479583   -1.155593
 0.769770   0.476108   -1.158679
 0.772773   0.472624   -1.161762
 0.775776   0.469130   -1.164844
 0.778779   0.465628   -1.167927
 0.781782   0.462116   -1.171019
 0.784785   0.458595   -1.174118
 0.787788   0.455064   -1.177229
 0.790791   0.451524   -1.180361
 0.793794   0.447975   -1.183516
 0.796797   0.444416   -1.186697
 0.799800   0.440847   -1.189920
 0.802803   0.437269   -1.193190
 0.805806   0.433681   -1.196509
 0.808809   0.430083   -1.199900
 0.811812   0.426474   -1.203375
 0.814815   0.422855   -1.206936
 0.817818   0.419225   -1.210617
 0.820821   0.415584   -1.214431
 0.823824   0.411931   -1.218392
 0.826827   0.408266   -1.222548
 0.829830   0.404589   -1.226914
 0.832833   0.400897   -1.231519
 0.835836   0.397192   -1.236428
 0.838839   0.393471   -1.241659
 0.841842   0.389734   -1.247282
 0.844845   0.385979   -1.253377
 0.846847   0.383466   -1.257704
 0.848849   0.380943   -1.262285
 0.850851   0.378411   -1.267169
 0.852853   0.375869   -1.272359
 0.854855   0.373317   -1.277861
 0.856857   0.370753   -1.283748
 0.858859   0.368176   -1.290076
 0.860861   0.365587   -1.296832
 0.862863   0.362983   -1.304052
 0.864865   0.360365   -1.311841
 0.866867   0.357730   -1.320248
 0.868869   0.355078   -1.329261
 0.870871   0.352407   -1.338981
 0.872873   0.349716   -1.349524
 0.874875   0.347003   -1.360880
 0.876877   0.344267   -1.373142
 0.878879   0.341505   -1.386472
 0.880881   0.338715   -1.400891
 0.882883   0.335895   -1.416458
 0.884885   0.333042   -1.433377
 0.886887   0.330155   -1.451722
 0.888889   0.327229   -1.471550
 0.890891   0.324261   -1.493091
 0.892893   0.321249   -1.516424
 0.894895   0.318188   -1.541666
 0.896897   0.315075   -1.569039
 0.898899   0.311904   -1.598621
 0.900901   0.308672   -1.630632
 0.902903   0.305374   -1.665220
 0.904905   0.302003   -1.702513
 0.906907   0.298555   -1.742737
 0.908909   0.295023   -1.786013
 0.910911   0.291401   -1.832515
 0.912913   0.287683   -1.882389
 0.914915   0.283862   -1.935767
 0.916917   0.279930   -1.992756
 0.918919   0.275880   -2.053439
 0.919920   0.273809   -2.085184
 0.920921   0.271706   -2.117863
 0.921922   0.269569   -2.151478
 0.922923   0.267398   -2.186030
 0.923924   0.265192   -2.221504
 0.924925   0.262950   -2.257883
 0.925926   0.260672   -2.295167
 0.926927   0.258355   -2.333321
 0.927928   0.256000   -2.372305
 0.928929   0.253605   -2.412119
 0.929930   0.251171   -2.452709
 0.930931   0.248695   -2.494021
 0.931932   0.246177   -2.536026
 0.932933   0.243618   -2.578638
 0.933934   0.241015   -2.621820
 0.934935   0.238368   -2.665488
 0.935936   0.235678   -2.709549
 0.936937   0.232944   -2.753952
 0.937938   0.230165   -2.798547
 0.938939   0.227341   -2.843271
 0.939940   0.224473   -2.888011
 0.940941   0.221559   -2.932628
 0.941942   0.218602   -2.976996
 0.942943   0.215600   -3.020986
 0.943944   0.212554   -3.064448
 0.944945   0.209465   -3.107232
 0.945946   0.206333   -3.149178
 0.946947   0.203160   -3.190125
 0.947948   0.199947   -3.229897
 0.948949   0.196695   -3.268311
 0.949950   0.193404   -3.305218
 0.950951   0.190078   -3.340400
 0.951952   0.186718   -3.373697
 0.952953   0.183325   -3.404918
 0.953954   0.179902   -3.433875
 0.954955   0.176451   -3.460400
 0.955956   0.172975   -3.484308
 0.956957   0.169476   -3.505428
 0.957958   0.165958   -3.523604
 0.958959   0.162423   -3.538677
 0.959960   0.158875   -3.550498
 0.960961   0.155316   -3.558945
 0.961962   0.151751   -3.563893
 0.962963   0.148182   -3.565236
 0.963964   0.144614   -3.562892
 0.964965   0.141051   -3.556787
 0.965966   0.137495   -3.546869
 0.966967   0.133951   -3.533105
 0.967968   0.130423   -3.515483
 0.968969   0.126914   -3.494008
 0.969970   0.123429   -3.468710
 0.970971   0.119971   -3.439635
 0.971972   0.116544   -3.406851
 0.972973   0.113152   -3.370448
 0.973974   0.109798   -3.330531
 0.974975   0.106485   -3.287225
 0.975976   0.103218   -3.240673
 0.976977   0.099999   -3.191031
 0.977978   0.096830   -3.138473
 0.978979   0.093716   -3.083182
 0.979980   0.090659   -3.025355
 0.980981   0.087660   -2.965195
 0.981982   0.084723   -2.902916
 0.982983   0.081849   -2.838735
 0.983984   0.079040   -2.772874
 0.984985   0.076298   -2.705556
 0.985986   0.073624   -2.637004
 0.986987   0.071019   -2.567442
 0.987988   0.068485   -2.497087
 0.988989   0.066020   -2.426154
 0.989990   0.063628   -2.354852
 0.990991   0.061306   -2.283381
 0.991992   0.059056   -2.211935
 0.992993   0.056878   -2.140698
 0.993994   0.054770   -2.069844
 0.994995   0.052734   -1.999536
 0.995996   0.050767   -1.929926
 0.996997   0.048870   -1.861157
 0.997998   0.047041   -1.793355
 0.998999   0.045279   -1.726648
 1.000000   0.043584   -1.661106
256 psinorm ni(10^20/m^3) dni/dpsi
 0.000000   0.499684   -0.127044
 0.006006   0.498911   -0.130586
 0.011011   0.498250   -0.133385
 0.016016   0.497576   -0.136045
 0.021021   0.496888   -0.138566
 0.026026   0.496189   -0.140948
 0.031031   0.495478   -0.143191
 0.036036   0.494756   -0.145295
 0.041041   0.494024   -0.147260
 0.046046   0.493282   -0.149085
 0.051051   0.492532   -0.150772
 0.056056   0.491773   -0.152320
 0.061061   0.491007   -0.153728
 0.066066   0.490234   -0.154998
 0.071071   0.489456   -0.156128
 0.076076   0.488672   -0.157120
 0.081081   0.487883   -0.157972
 0.086086   0.487091   -0.158686
 0.091091   0.486295   -0.159260
 0.095095   0.485657   -0.159620
 0.099099   0.485017   -0.159890
 0.103103   0.484376   -0.160072
 0.107107   0.483735   -0.160164
 0.111111   0.483094   -0.160168
 0.115115   0.482453   -0.160082
 0.119119   0.481812   -0.159908
 0.123123   0.481172   -0.159644
 0.127127   0.480534   -0.159292
 0.131131   0.479897   -0.158851
 0.135135   0.479262   -0.158320
 0.140140   0.478471   -0.157532
 0.145145   0.477685   -0.156605
 0.150150   0.476904   -0.155539
 0.155155   0.476128   -0.154334
 0.160160   0.475359   -0.152989
 0.165165   0.474597   -0.151506
 0.170170   0.473843   -0.149884
 0.175175   0.473097   -0.148122
 0.180180   0.472360   -0.146222
 0.185185   0.471634   -0.144183
 0.190190   0.470917   -0.142004
 0.195195   0.470212   -0.139687
 0.200200   0.469519   -0.137225
 0.205205   0.468839   -0.134599
 0.210210   0.468172   -0.131803
 0.215215   0.467520   -0.128838
 0.220220   0.466883   -0.125704
 0.226226   0.466140   -0.121719
 0.232232   0.465421   -0.117491
 0.238238   0.464729   -0.113020
 0.244244   0.464064   -0.108304
 0.250250   0.463428   -0.103346
 0.257257   0.462725   -0.097251
 0.264264   0.462066   -0.090835
 0.272272   0.461370   -0.083051
 0.281281   0.460662   -0.074032
 0.291291   0.459969   -0.064639
 0.303303   0.459253   -0.054750
 0.317317   0.458557   -0.045008
 0.335335   0.457837   -0.035373
 0.357357   0.457149   -0.027941
 0.379379   0.456546   -0.028846
 0.396396   0.455989   -0.037808
 0.409409   0.455425   -0.049552
 0.419419   0.454871   -0.061464
 0.428428   0.454261   -0.074327
 0.436436   0.453615   -0.087462
 0.443443   0.452958   -0.100273
 0.449449   0.452320   -0.112220
 0.454454   0.451732   -0.122902
 0.459459   0.451089   -0.134005
 0.464464   0.450391   -0.144899
 0.468468   0.449794   -0.153279
 0.472472   0.449164   -0.161398
 0.476476   0.448502   -0.169245
 0.480480   0.447809   -0.176822
 0.484484   0.447086   -0.184128
 0.488488   0.446335   -0.191165
 0.492492   0.445555   -0.197931
 0.495495   0.444954   -0.202828
 0.498498   0.444337   -0.207574
 0.501502   0.443707   -0.212167
 0.504505   0.443063   -0.216608
 0.507508   0.442406   -0.220898
 0.510511   0.441737   -0.225035
 0.513514   0.441055   -0.229020
 0.516517   0.440361   -0.232854
 0.519520   0.439657   -0.236535
 0.522523   0.438941   -0.240064
 0.525526   0.438215   -0.243442
 0.528529   0.437479   -0.246667
 0.531532   0.436734   -0.249740
 0.534535   0.435979   -0.252662
 0.537538   0.435216   -0.255431
 0.540541   0.434445   -0.258048
 0.543544   0.433667   -0.260514
 0.546547   0.432881   -0.262827
 0.549550   0.432088   -0.264989
 0.552553   0.431289   -0.266998
 0.555556   0.430485   -0.268855
 0.558559   0.429675   -0.270561
 0.561562   0.428860   -0.272114
 0.564565   0.428041   -0.273516
 0.567568   0.427217   -0.274765
 0.570571   0.426391   -0.275862
 0.573574   0.425561   -0.276808
 0.576577   0.424728   -0.277601
 0.579580   0.423894   -0.278243
 0.582583   0.423057   -0.278732
 0.585586   0.422220   -0.279070
 0.588589   0.421381   -0.279255
 0.591592   0.420543   -0.279289
 0.594595   0.419704   -0.279170
 0.597598   0.418866   -0.278900
 0.600601   0.418029   -0.278477
 0.603604   0.417194   -0.277903
 0.606607   0.416360   -0.277152
 0.609610   0.415529   -0.276187
 0.612613   0.414702   -0.275006
 0.615616   0.413878   -0.273610
 0.618619   0.413058   -0.271998
 0.621622   0.412244   -0.270171
 0.624625   0.411436   -0.268128
 0.627628   0.410634   -0.265870
 0.630631   0.409839   -0.263396
 0.633634   0.409052   -0.260707
 0.636637   0.408274   -0.257802
 0.639640   0.407504   -0.254682
 0.642643   0.406744   -0.251346
 0.645646   0.405995   -0.247795
 0.648649   0.405256   -0.244029
 0.651652   0.404530   -0.240047
 0.654655   0.403815   -0.235849
 0.657658   0.403113   -0.231436
 0.660661   0.402425   -0.226807
 0.663664   0.401751   -0.221963
 0.666667   0.401092   -0.216904
 0.669670   0.400449   -0.211629
 0.672673   0.399821   -0.206139
 0.675676   0.399211   -0.200433
 0.678679   0.398618   -0.194511
 0.681682   0.398043   -0.188375
 0.685686   0.397306   -0.179857
 0.689690   0.396603   -0.170956
 0.693694   0.395937   -0.161672
 0.697698   0.395309   -0.152006
 0.701702   0.394720   -0.141955
 0.706707   0.394042   -0.128856
 0.711712   0.393431   -0.115149
 0.717718   0.392791   -0.097950
 0.725726   0.392103   -0.073502
 0.758759   0.391251   0.017076
 0.771772   0.391658   0.044688
 0.781782   0.392198   0.062796
 0.789790   0.392752   0.075209
 0.796797   0.393314   0.085116
 0.802803   0.393853   0.094850
 0.808809   0.394458   0.106893
 0.813814   0.395021   0.118540
 0.818819   0.395647   0.131695
 0.822823   0.396197   0.143295
 0.826827   0.396796   0.155852
 0.830831   0.397446   0.169369
 0.834835   0.398153   0.183841
 0.837838   0.398722   0.195331
 0.840841   0.399327   0.207332
 0.843844   0.399968   0.219977
 0.846847   0.400648   0.232455
 0.849850   0.401363   0.243173
 0.852853   0.402106   0.251671
 0.855856   0.402872   0.258052
 0.858859   0.403654   0.262288
 0.861862   0.404445   0.264388
 0.864865   0.405240   0.264347
 0.867868   0.406031   0.262169
 0.870871   0.406812   0.257851
 0.873874   0.407577   0.251395
 0.876877   0.408320   0.242799
 0.879880   0.409033   0.232065
 0.882883   0.409712   0.219192
 0.885886   0.410348   0.204181
 0.889890   0.411120   0.180839
 0.893894   0.411791   0.153691
 0.898899   0.412464   0.114425
 0.913914   0.413097   -0.039134
 0.919920   0.412637   -0.115241
 0.923924   0.412065   -0.171695
 0.926927   0.411470   -0.228524
 0.929930   0.410669   -0.308547
 0.931932   0.409987   -0.374313
 0.933934   0.409164   -0.450143
 0.935936   0.408178   -0.535989
 0.936937   0.407618   -0.582673
 0.937938   0.407011   -0.631864
 0.938939   0.406353   -0.683560
 0.939940   0.405641   -0.737821
 0.940941   0.404875   -0.794712
 0.941942   0.404050   -0.854237
 0.942943   0.403164   -0.916395
 0.943944   0.402214   -0.981186
 0.944945   0.401198   -1.048608
 0.945946   0.400114   -1.118671
 0.946947   0.398958   -1.191337
 0.947948   0.397728   -1.266787
 0.948949   0.396421   -1.345547
 0.949950   0.395033   -1.427851
 0.950951   0.393561   -1.513656
 0.951952   0.392001   -1.602972
 0.952953   0.390351   -1.695803
 0.953954   0.388605   -1.792113
 0.954955   0.386762   -1.891793
 0.955956   0.384817   -1.994795
 0.956957   0.382767   -2.101127
 0.957958   0.380609   -2.210791
 0.958959   0.378340   -2.323646
 0.959960   0.375956   -2.439544
 0.960961   0.373455   -2.558478
 0.961962   0.370833   -2.680456
 0.962963   0.368088   -2.805172
 0.963964   0.365216   -2.932298
 0.964965   0.362217   -3.061836
 0.965966   0.359086   -3.193401
 0.966967   0.355823   -3.326582
 0.967968   0.352426   -3.461383
 0.968969   0.348893   -3.597313
 0.969970   0.345223   -3.733912
 0.970971   0.341417   -3.870936
 0.971972   0.337474   -4.007732
 0.972973   0.333394   -4.144035
 0.973974   0.329178   -4.279338
 0.974975   0.324827   -4.413054
 0.975976   0.320344   -4.544671
 0.976977   0.315730   -4.673673
 0.977978   0.310988   -4.799478
 0.978979   0.306122   -4.921487
 0.979980   0.301137   -5.039229
 0.980981   0.296035   -5.152007
 0.981982   0.290824   -5.259332
 0.982983   0.285508   -5.360630
 0.983984   0.280094   -5.455346
 0.984985   0.274589   -5.543001
 0.985986   0.269000   -5.623094
 0.986987   0.263334   -5.695167
 0.987988   0.257601   -5.758837
 0.988989   0.251808   -5.813729
 0.989990   0.245965   -5.859526
 0.990991   0.240080   -5.895983
 0.991992   0.234164   -5.922894
 0.992993   0.228226   -5.940117
 0.993994   0.222275   -5.947576
 0.994995   0.216322   -5.945254
 0.995996   0.210376   -5.933197
 0.996997   0.204447   -5.911515
 0.997998   0.198544   -5.880368
 0.998999   0.192678   -5.840015
 1.000000   0.186856   -5.790622
256 psinorm ti(KeV) dti/dpsi
 0.000000   1.405499   -0.304233
 0.025025   1.397845   -0.309176
 0.049049   1.390267   -0.323190
 0.072072   1.382589   -0.345138
 0.093093   1.375059   -0.372460
 0.112112   1.367692   -0.403170
 0.130130   1.360126   -0.437511
 0.146146   1.352846   -0.472324
 0.161161   1.345486   -0.508627
 0.175175   1.338101   -0.545717
 0.188188   1.330761   -0.582939
 0.200200   1.323540   -0.619675
 0.212212   1.315865   -0.658690
 0.223223   1.308406   -0.696423
 0.233233   1.301256   -0.732339
 0.243243   1.293739   -0.769791
 0.252252   1.286647   -0.804819
 0.261261   1.279234   -0.841207
 0.270270   1.271486   -0.879036
 0.278278   1.264308   -0.913884
 0.286286   1.256846   -0.949807
 0.294294   1.249094   -0.986289
 0.301301   1.242071   -1.018370
 0.308308   1.234822   -1.050657
 0.315315   1.227347   -1.083042
 0.322322   1.219646   -1.114999
 0.328328   1.212868   -1.141775
 0.334334   1.205932   -1.168015
 0.340340   1.198839   -1.193722
 0.346346   1.191594   -1.218995
 0.352352   1.184197   -1.243899
 0.358358   1.176653   -1.268428
 0.364364   1.168962   -1.292575
 0.370370   1.161127   -1.316310
 0.375375   1.154490   -1.335761
 0.380380   1.147756   -1.354916
 0.385385   1.140928   -1.373777
 0.390390   1.134005   -1.392350
 0.395395   1.126991   -1.410639
 0.400400   1.119885   -1.428642
 0.405405   1.112691   -1.446359
 0.410410   1.105408   -1.463789
 0.415415   1.098039   -1.480929
 0.420420   1.090584   -1.497782
 0.425425   1.083046   -1.514346
 0.430430   1.075426   -1.530623
 0.434434   1.069272   -1.543437
 0.438438   1.063066   -1.556067
 0.442442   1.056811   -1.568513
 0.446446   1.050506   -1.580775
 0.450450   1.044152   -1.592853
 0.454454   1.037751   -1.604747
 0.458458   1.031302   -1.616456
 0.462462   1.024806   -1.627982
 0.466466   1.018265   -1.639323
 0.470470   1.011679   -1.650481
 0.474474   1.005048   -1.661454
 0.478478   0.998374   -1.672242
 0.482482   0.991657   -1.682846
 0.486486   0.984898   -1.693265
 0.490490   0.978098   -1.703501
 0.494494   0.971257   -1.713555
 0.498498   0.964376   -1.723430
 0.502503   0.957456   -1.733087
 0.506507   0.950498   -1.742463
 0.510511   0.943503   -1.751547
 0.514515   0.936472   -1.760342
 0.518519   0.929406   -1.768844
 0.522523   0.922307   -1.777053
 0.526527   0.915176   -1.784969
 0.530531   0.908013   -1.792592
 0.533534   0.902622   -1.798118
 0.536537   0.897214   -1.803480
 0.539540   0.891790   -1.808677
 0.542543   0.886351   -1.813709
 0.545546   0.880897   -1.818578
 0.548549   0.875429   -1.823281
 0.551552   0.869947   -1.827821
 0.554555   0.864451   -1.832195
 0.557558   0.858943   -1.836406
 0.560561   0.853422   -1.840452
 0.563564   0.847889   -1.844333
 0.566567   0.842345   -1.848050
 0.569570   0.836790   -1.851603
 0.572573   0.831225   -1.854991
 0.575576   0.825649   -1.858214
 0.578579   0.820064   -1.861274
 0.581582   0.814471   -1.864168
 0.584585   0.808868   -1.866899
 0.587588   0.803258   -1.869464
 0.590591   0.797640   -1.871866
 0.593594   0.792016   -1.874103
 0.596597   0.786385   -1.876175
 0.599600   0.780748   -1.878083
 0.602603   0.775105   -1.879827
 0.605606   0.769458   -1.881406
 0.608609   0.763806   -1.882820
 0.611612   0.758149   -1.884071
 0.614615   0.752490   -1.885156
 0.617618   0.746827   -1.886078
 0.620621   0.741162   -1.886835
 0.623624   0.735495   -1.887427
 0.626627   0.729827   -1.887855
 0.629630   0.724157   -1.888118
 0.632633   0.718487   -1.888217
 0.635636   0.712816   -1.888152
 0.638639   0.707147   -1.887922
 0.641642   0.701478   -1.887528
 0.644645   0.695810   -1.886969
 0.647648   0.690145   -1.886246
 0.650651   0.684482   -1.885358
 0.653654   0.678821   -1.884306
 0.656657   0.673165   -1.883089
 0.659660   0.667512   -1.881708
 0.662663   0.661863   -1.880163
 0.665666   0.656220   -1.878453
 0.668669   0.650581   -1.876578
 0.671672   0.644949   -1.874539
 0.674675   0.639323   -1.872336
 0.677678   0.633704   -1.869968
 0.680681   0.628092   -1.867436
 0.683684   0.622488   -1.864739
 0.686687   0.616893   -1.861878
 0.689690   0.611306   -1.858853
 0.692693   0.605729   -1.855662
 0.695696   0.600161   -1.852308
 0.698699   0.594604   -1.848789
 0.701702   0.589057   -1.845106
 0.704705   0.583522   -1.841258
 0.707708   0.577999   -1.837245
 0.710711   0.572488   -1.833069
 0.713714   0.566990   -1.828727
 0.716717   0.561505   -1.824222
 0.719720   0.556034   -1.819552
 0.722723   0.550577   -1.814717
 0.725726   0.545135   -1.809718
 0.727728   0.541515   -1.806294
 0.729730   0.537902   -1.802797
 0.731732   0.534297   -1.799226
 0.733734   0.530698   -1.795583
 0.735736   0.527107   -1.791867
 0.737738   0.523524   -1.788077
 0.739740   0.519948   -1.784215
 0.741742   0.516380   -1.780279
 0.743744   0.512819   -1.776270
 0.745746   0.509267   -1.772188
 0.747748   0.505724   -1.768033
 0.749750   0.502188   -1.763805
 0.751752   0.498661   -1.759504
 0.753754   0.495143   -1.755130
 0.755756   0.491634   -1.750683
 0.757758   0.488134   -1.746162
 0.759760   0.484642   -1.741569
 0.761762   0.481160   -1.736902
 0.763764   0.477688   -1.732162
 0.765766   0.474225   -1.727350
 0.767768   0.470772   -1.722464
 0.769770   0.467328   -1.717505
 0.771772   0.463895   -1.712473
 0.773774   0.460471   -1.707368
 0.775776   0.457058   -1.702189
 0.777778   0.453656   -1.696938
 0.779780   0.450264   -1.691614
 0.781782   0.446883   -1.686216
 0.783784   0.443512   -1.680745
 0.785786   0.440153   -1.675202
 0.787788   0.436805   -1.669585
 0.789790   0.433468   -1.663895
 0.791792   0.430143   -1.658132
 0.793794   0.426829   -1.652296
 0.795796   0.423527   -1.646387
 0.797798   0.420237   -1.640405
 0.799800   0.416959   -1.634350
 0.801802   0.413693   -1.628206
 0.803804   0.410440   -1.621951
 0.805806   0.407199   -1.615586
 0.807808   0.403971   -1.609109
 0.809810   0.400756   -1.602521
 0.811812   0.397554   -1.595823
 0.813814   0.394366   -1.589013
 0.815816   0.391192   -1.582092
 0.817818   0.388032   -1.575061
 0.819820   0.384886   -1.567918
 0.821822   0.381754   -1.560664
 0.823824   0.378637   -1.553299
 0.825826   0.375535   -1.545824
 0.827828   0.372447   -1.538237
 0.829830   0.369375   -1.530539
 0.831832   0.366319   -1.522730
 0.833834   0.363279   -1.514811
 0.835836   0.360254   -1.506780
 0.837838   0.357245   -1.498638
 0.839840   0.354253   -1.490385
 0.841842   0.351278   -1.482021
 0.843844   0.348319   -1.473546
 0.845846   0.345378   -1.464961
 0.847848   0.342454   -1.456264
 0.849850   0.339547   -1.447456
 0.851852   0.336658   -1.438537
 0.853854   0.333787   -1.429507
 0.855856   0.330935   -1.420366
 0.857858   0.328100   -1.411114
 0.859860   0.325285   -1.401751
 0.861862   0.322488   -1.392277
 0.863864   0.319710   -1.382692
 0.865866   0.316952   -1.372996
 0.867868   0.314213   -1.363189
 0.869870   0.311493   -1.353271
 0.871872   0.308794   -1.343242
 0.873874   0.306115   -1.333102
 0.875876   0.303456   -1.322851
 0.877878   0.300818   -1.312488
 0.879880   0.298201   -1.302015
 0.881882   0.295605   -1.291431
 0.883884   0.293031   -1.280736
 0.885886   0.290477   -1.269930
 0.887888   0.287946   -1.259013
 0.889890   0.285436   -1.247985
 0.891892   0.282949   -1.236845
 0.893894   0.280484   -1.225595
 0.895896   0.278042   -1.214234
 0.897898   0.275622   -1.202762
 0.899900   0.273226   -1.191178
 0.901902   0.270853   -1.179484
 0.903904   0.268503   -1.167679
 0.905906   0.266178   -1.155763
 0.907908   0.263876   -1.143735
 0.909910   0.261598   -1.131597
 0.912913   0.258228   -1.113181
 0.915916   0.254913   -1.094516
 0.918919   0.251654   -1.075601
 0.921922   0.248453   -1.056436
 0.924925   0.245309   -1.037021
 0.927928   0.242225   -1.017356
 0.930931   0.239199   -0.997442
 0.933934   0.236234   -0.977278
 0.936937   0.233330   -0.956864
 0.939940   0.230488   -0.936200
 0.942943   0.227708   -0.915287
 0.945946   0.224991   -0.894124
 0.948949   0.222338   -0.872711
 0.951952   0.219749   -0.851048
 0.954955   0.217227   -0.829135
 0.957958   0.214770   -0.806973
 0.960961   0.212380   -0.784561
 0.963964   0.210058   -0.761899
 0.966967   0.207804   -0.738987
 0.969970   0.205620   -0.715825
 0.972973   0.203505   -0.692414
 0.975976   0.201462   -0.668753
 0.979980   0.198848   -0.636816
 0.983984   0.196362   -0.604436
 0.987988   0.194008   -0.571611
 0.991992   0.191786   -0.538342
 0.995996   0.189697   -0.504629
 1.000000   0.187745   -0.470473
256 psinorm omeg(kRad/s) domeg/dpsi
 0.000000   224.334782   -778.707967
 0.004004   221.382481   -697.082445
 0.008008   218.743601   -622.154675
 0.013013   215.844888   -537.915935
 0.019019   212.883788   -450.639569
 0.026026   210.028092   -367.886848
 0.034034   207.378213   -298.346252
 0.044044   204.672227   -249.455909
 0.054054   202.248945   -241.071618
 0.064064   199.793704   -248.350851
 0.073073   197.544756   -250.454304
 0.082082   195.290290   -249.468681
 0.091091   193.060826   -244.819453
 0.101101   190.649269   -236.775760
 0.111111   188.316995   -229.803610
 0.121121   186.038516   -225.852449
 0.131131   183.785990   -224.728885
 0.141141   181.533321   -225.439185
 0.150150   179.499138   -226.070539
 0.159159   177.461070   -226.337941
 0.168168   175.421686   -226.369230
 0.177177   173.382097   -226.483440
 0.186186   171.339856   -226.946218
 0.195195   169.291984   -227.739282
 0.204204   167.235824   -228.739396
 0.213213   165.170378   -229.797689
 0.222222   163.095172   -230.907125
 0.230230   161.241937   -231.948645
 0.238238   159.380108   -233.053825
 0.246246   157.509172   -234.223339
 0.254254   155.628651   -235.442673
 0.262262   153.738227   -236.696379
 0.270270   151.837626   -237.984348
 0.278278   149.926573   -239.306970
 0.286286   148.004782   -240.667035
 0.293293   146.314190   -241.876955
 0.300300   144.615134   -243.078885
 0.307307   142.907717   -244.264759
 0.314314   141.192064   -245.424933
 0.321321   139.468430   -246.541658
 0.328328   137.737130   -247.613789
 0.335335   135.998451   -248.649655
 0.342342   134.252623   -249.654285
 0.349349   132.499868   -250.626545
 0.356356   130.740416   -251.566025
 0.362362   129.227158   -252.344416
 0.368368   127.709306   -253.095788
 0.374374   126.187025   -253.818903
 0.380380   124.660483   -254.515410
 0.386386   123.129833   -255.187075
 0.392392   121.595222   -255.834450
 0.398398   120.056793   -256.458509
 0.404404   118.514684   -257.059859
 0.410410   116.969030   -257.639377
 0.416416   115.419959   -258.197801
 0.422422   113.867596   -258.735870
 0.428428   112.312059   -259.255058
 0.433433   111.013436   -259.671753
 0.438438   109.712772   -260.070568
 0.443443   108.410158   -260.450583
 0.448448   107.105689   -260.812347
 0.453453   105.799454   -261.156048
 0.458458   104.491544   -261.482104
 0.463463   103.182044   -261.791254
 0.468468   101.871039   -262.083785
 0.473473   100.558610   -262.360190
 0.478478   99.244837   -262.620863
 0.483483   97.929798   -262.866247
 0.488488   96.613568   -263.096790
 0.493493   95.296221   -263.312776
 0.498498   93.977828   -263.514562
 0.503504   92.658460   -263.702660
 0.508509   91.338183   -263.877805
 0.513514   90.017063   -264.039370
 0.518519   88.695171   -264.186307
 0.522523   87.637151   -264.293082
 0.526527   86.578723   -264.390020
 0.530531   85.519926   -264.477196
 0.534535   84.460800   -264.555042
 0.538539   83.401380   -264.623770
 0.542543   82.341703   -264.683560
 0.546547   81.281803   -264.734568
 0.550551   80.221717   -264.776988
 0.554555   79.161478   -264.811050
 0.558559   78.101119   -264.836886
 0.562563   77.040673   -264.854707
 0.566567   75.980171   -264.864688
 0.570571   74.919645   -264.866990
 0.574575   73.859124   -264.861792
 0.578579   72.798639   -264.849291
 0.582583   71.738219   -264.829621
 0.586587   70.677891   -264.802852
 0.590591   69.617684   -264.769218
 0.594595   68.557625   -264.729295
 0.598599   67.497739   -264.682675
 0.602603   66.438055   -264.628437
 0.606607   65.378607   -264.563258
 0.610611   64.319449   -264.483366
 0.613614   63.525308   -264.413955
 0.616617   62.731385   -264.336958
 0.619620   61.937706   -264.252389
 0.622623   61.144291   -264.160347
 0.625626   60.351164   -264.060921
 0.628629   59.558347   -263.954319
 0.631632   58.765860   -263.840640
 0.634635   57.973725   -263.720044
 0.637638   57.181963   -263.592655
 0.640641   56.390593   -263.458579
 0.643644   55.599636   -263.317974
 0.646647   54.809110   -263.170968
 0.649650   54.019036   -263.017681
 0.652653   53.229431   -262.858242
 0.655656   52.440313   -262.692780
 0.658659   51.651702   -262.521417
 0.661662   50.863614   -262.344278
 0.664665   50.076066   -262.161486
 0.667668   49.289076   -261.973163
 0.670671   48.502659   -261.779418
 0.673674   47.716833   -261.580371
 0.676677   46.931611   -261.376184
 0.679680   46.147011   -261.166969
 0.682683   45.363046   -260.952632
 0.685686   44.579733   -260.733296
 0.688689   43.797084   -260.510738
 0.691692   43.015111   -260.281261
 0.694695   42.233841   -260.043674
 0.697698   41.453270   -259.822257
 0.700701   40.673387   -259.560391
 0.703704   39.894499   -259.149220
 0.706707   39.117157   -258.516584
 0.709710   38.342087   -257.643538
 0.711712   37.826972   -256.940342
 0.713714   37.313361   -256.140842
 0.715716   36.801448   -255.244722
 0.717718   36.291424   -254.253282
 0.719720   35.783479   -253.168584
 0.721722   35.277798   -251.991586
 0.723724   34.774564   -250.723705
 0.725726   34.273959   -249.365837
 0.727728   33.776161   -247.919344
 0.729730   33.281347   -246.385464
 0.731732   32.789691   -244.765163
 0.733734   32.301363   -243.059876
 0.735736   31.816534   -241.270365
 0.737738   31.335371   -239.398097
 0.739740   30.858038   -237.443887
 0.741742   30.384698   -235.408955
 0.743744   29.915513   -233.294392
 0.745746   29.450639   -231.101055
 0.747748   28.990235   -228.830290
 0.749750   28.534453   -226.482749
 0.751752   28.083447   -224.059759
 0.753754   27.637367   -221.562067
 0.755756   27.196361   -218.990756
 0.757758   26.760575   -216.346948
 0.759760   26.330155   -213.631217
 0.761762   25.905242   -210.844739
 0.763764   25.485978   -207.988443
 0.765766   25.072502   -205.063197
 0.767768   24.664950   -202.069848
 0.769770   24.263458   -199.009354
 0.771772   23.868160   -195.882562
 0.773774   23.479187   -192.690297
 0.775776   23.096670   -189.433467
 0.777778   22.720738   -186.112829
 0.779780   22.351516   -182.729235
 0.781782   21.989130   -179.283546
 0.783784   21.633705   -175.776544
 0.785786   21.285361   -172.209087
 0.787788   20.944219   -168.581858
 0.789790   20.610398   -164.895536
 0.791792   20.284015   -161.150753
 0.794795   19.808643   -155.425935
 0.797798   19.350652   -149.575738
 0.800801   18.910414   -143.601418
 0.803804   18.488307   -137.501255
 0.806807   18.084707   -131.274963
 0.809810   17.699994   -124.923645
 0.812813   17.334538   -118.449449
 0.815816   16.988704   -111.857099
 0.818819   16.662836   -105.152253
 0.821822   16.357266   -98.339875
 0.825826   15.981957   -89.097232
 0.829830   15.644006   -79.681500
 0.833834   15.344080   -70.106119
 0.838839   15.023578   -57.928966
 0.845846   14.678450   -40.509065
 0.866867   14.391699   13.643576
 0.874875   14.585754   34.857639
 0.880881   14.843215   50.890771
 0.885886   15.131495   64.315843
 0.889890   15.410578   75.089498
 0.893894   15.732837   85.881323
 0.896897   16.002904   93.984270
 0.899900   16.297311   102.091226
 0.902903   16.616065   110.199218
 0.905906   16.959166   118.305263
 0.908909   17.326606   126.409965
 0.911912   17.718371   134.500831
 0.914915   18.134426   142.599264
 0.917918   18.574788   150.662169
 0.919920   18.881780   156.034660
 0.921922   19.198487   159.812120
 0.923924   19.519401   160.192881
 0.926927   19.993705   154.482619
 0.929930   20.439845   141.400392
 0.932933   20.835659   121.027870
 0.936937   21.248527   83.234243
 0.945946   21.464830   -45.288343
 0.949950   21.134797   -121.424827
 0.951952   20.849908   -163.625636
 0.953954   20.477805   -208.574168
 0.955956   20.012924   -256.298603
 0.957958   19.449773   -306.738048
 0.958959   19.129655   -332.970260
 0.959960   18.782941   -359.876515
 0.960961   18.408958   -387.452392
 0.961962   18.007038   -415.696151
 0.962963   17.576512   -444.605801
 0.963964   17.116714   -474.179268
 0.964965   16.626983   -504.414464
 0.965966   16.106655   -535.309591
 0.966967   15.555072   -566.862857
 0.967968   14.971576   -599.072625
 0.968969   14.355509   -631.937262
 0.969970   13.706218   -665.455362
 0.970971   13.023049   -699.625525
 0.971972   12.305349   -734.446396
 0.972973   11.552469   -769.916629
 0.973974   10.763758   -806.035543
 0.974975   9.938568   -842.802457
 0.975976   9.076250   -880.215063
 0.976977   8.176161   -918.271028
 0.977978   7.237654   -956.974901
 0.978979   6.260078   -996.331452
 0.979980   5.242785   -1036.320809
 0.980981   4.185157   -1076.921532
 0.981982   3.086559   -1118.204179
 0.982983   1.946256   -1160.248299
 0.983984   0.763572   -1202.794441
 0.984985   -0.461806   -1245.536017
 0.985986   -1.730374   -1289.417624
 0.986987   -3.043996   -1335.615581
 0.987988   -4.403908   -1380.700256
 0.988989   -5.806280   -1420.149694
 0.989990   -7.249313   -1466.381273
 0.990991   -8.750032   -1536.750198
 0.991992   -10.319034   -1586.570992
 0.992993   -11.897149   -1548.876749
 0.993994   -13.444631   -1585.334451
 0.994995   -15.179975   -1948.413408
 0.995996   -17.266792   -2076.030674
 0.996997   -18.914505   -939.850885
 0.997998   -19.470073   -767.798550
 0.998999   -21.799308   -4634.708200
 1.000000   -30.247660   -12993.796061
