           01/23/2002
 141309               1
  0.505000000E+03
* 505.000             1               0 DN    3   1 FIX    39   40
  0.360120936E+02 0.860000000E+02-0.439938720E+00 0.717341700E+06
  0.694175762E+06 0.859559095E+02 0.839661571E+00 0.602042305E+02
  0.205781882E+01 0.472720845E+00 0.460835592E+00 0.991159631E+07
  0.935372615E+02 0.158150494E+01 0.101970083E+02 0.100914598E+02
  0.851625876E+00 0.914265267E+00 0.724167897E+01 0.100000000E+11
  0.356129261E+02 0.366669236E+02 0.699653951E+01 0.200665746E-01
  0.100000000E+05 0.100000000E+05 0.100000000E+05
  0.999000000E-01 0.000000000E+00 0.000000000E+00
  0.120408461E+03
  0.829675914E+01
  0.687476798E+01 0.151519131E+00 0.224623208E+01 0.159845719E+01
  0.769105759E+00 0.150731718E+02-0.500000000E+02-0.500000000E+02
 -0.500000000E+02-0.219494399E-01 0.198362190E+05 0.115658826E+06
  0.830590643E-08 0.147611796E+01 0.105000000E+01-0.170043919E-01
  0.149069010E+01 0.753667113E+02 0.000000000E+00 0.000000000E+00
  0.582116573E+02-0.123049737E+03 0.574961148E+02 0.124729060E+03
  0.452823555E+01-0.500000000E+02-0.438968615E+00-0.385693702E+00
  0.100000000E+03 0.418178046E+02 0.480677368E+02 0.724167897E+01
  0.980952754E+02 0.148664898E+01 0.509267559E-01 0.571907464E+03
  0.124282901E+01 0.147270760E+02 0.168787901E+06 0.100000009E-05
  0.291328900E+00 0.834619060E+03 0.125445621E+01 0.100000000E+02
    66   70   52    1
 -0.568760784E-03 0.654073270E-02-0.359971109E-01-0.133206109E+00
 -0.152755828E+00-0.148951155E+00-0.113041162E+00-0.285176086E-02
  0.506873413E-02-0.288151338E-01-0.141859960E+00-0.152301471E+00
 -0.150764614E+00-0.110605979E+00-0.129285854E+00-0.141594923E+00
 -0.128778881E+00-0.142931060E+00 0.361715167E-02-0.484706560E-02
 -0.382493351E-01-0.887908169E-02 0.196284732E-02-0.404099724E-01
 -0.275690771E-01-0.280350773E-01-0.288064583E-01-0.291432461E-01
 -0.271611461E-01-0.275365602E-01-0.279895372E-01-0.287789890E-01
 -0.291497938E-01-0.291026552E-01-0.282893031E-01-0.205892068E-01
 -0.210654497E-01-0.291457413E-01-0.283984022E-01-0.213120143E-01
 -0.214572768E-01-0.160336291E-01-0.850930442E-01-0.853914377E-01
 -0.822184831E-01-0.885247131E-01-0.859026431E-01-0.862841016E-01
 -0.876951226E-01-0.897762358E-01-0.912984979E-01-0.894522243E-01
 -0.871811630E-01-0.823005264E-01-0.922189359E-01-0.903719332E-01
 -0.879368726E-01-0.835463479E-01-0.128349136E-01-0.958085213E-02
  0.130581399E-01-0.480944366E-07-0.480944366E-07-0.480944366E-07
 -0.480944366E-07-0.480944366E-07 0.255474342E+00 0.245102356E+00
  0.223517435E+00 0.195008088E+00 0.162673769E+00 0.133014698E+00
  0.255954042E+00 0.247280423E+00 0.226940177E+00 0.198817415E+00
  0.166163907E+00 0.135477165E+00-0.104816470E-01 0.105309438E+00
  0.154303001E-01 0.108834093E+00-0.165367237E+00-0.156091444E+00
 -0.147953080E+00-0.168615477E+00-0.156132706E+00-0.143220900E+00
 -0.162449898E+00-0.176539810E+00-0.187491533E+00-0.157790062E+00
 -0.170652913E+00-0.180103587E+00-0.145210765E+00-0.149137796E+00
 -0.155323606E+00-0.168233836E+00-0.178941016E+00-0.139619958E+00
 -0.143630950E+00-0.154567274E+00-0.169797182E+00-0.180370976E+00
 -0.185179338E+00-0.183057667E+00-0.169425382E+00-0.155162046E+00
 -0.178653270E+00-0.174811672E+00-0.167017875E+00-0.154022325E+00
  0.955891100E-01 0.106827465E+00-0.540833240E-01 0.947385027E-01
 -0.961001523E-01 0.948444434E-01 0.475551366E-01 0.997026885E-01
 -0.150131348E-01-0.840516492E-01 0.231952173E-01 0.910228156E-01
  0.154994039E+00-0.337902786E-01 0.199459528E-01-0.166788930E+00
 -0.772956099E-01-0.199620327E+00-0.150623901E+00-0.423018777E-01
 -0.319539804E-01-0.166669290E+00 0.898208179E-01-0.199410046E+00
  0.677121047E+04 0.958650655E+04-0.854379239E+04-0.387728054E+03
 -0.669783153E+04-0.684651768E+04-0.211925539E+03-0.863756092E+04
  0.959702225E+04 0.735295526E+04-0.281613325E+03 0.131981114E+05
 -0.237565486E+05 0.131981258E+05-0.211169272E+05 0.108103251E-06
 -0.180905728E-06 0.759137277E+03 0.811212144E+03 0.842290245E+03
  0.989404032E+03 0.677451058E+03 0.416417258E+03 0.104277876E+04
  0.131246803E+04 0.128135376E+04 0.860946292E+03 0.488263248E+03
  0.268141426E+03 0.228103608E+04 0.245744013E+04 0.306520193E+03
  0.984948074E+03 0.112327089E+03 0.124252478E+04 0.587550170E+04
  0.376197312E+03 0.513948067E+03 0.952874542E+03 0.841271743E+03
  0.852028898E+03 0.818386995E+03 0.588712401E+03 0.555456121E+03
 -0.126916347E+04 0.155956943E+03-0.172528124E+04-0.157915991E+03
  0.229240737E+03 0.178448989E+04 0.410077583E+03 0.113581102E+04
 -0.122054590E+05
  0.000000000E+00 0.279399996E+02-0.147531849E+03 0.852866948E+02
 -0.151995046E+03 0.000000000E+00 0.000000000E+00 0.000000000E+00
  0.000000000E+00 0.000000000E+00 0.100000000E+03 0.158343637E+01
  0.649118143E+00 0.263608453E+01 0.139778379E+00-0.306509477E+00
  0.119415698E-01 0.000000000E+00 0.999000000E+03 0.208703148E+01
  0.156642646E+02 0.105000000E+01 0.000000000E+00-0.118613395E+00
  0.224549475E+01 0.998999978E+00 0.757918215E+01 0.000000000E+00
  0.156342095E+00 0.328145311E+00 0.257516790E+00 0.146085054E+01
  0.279315407E+02 0.212205514E+01 0.305148776E+02 0.308431228E+02
 -0.890000000E+02-0.890000000E+02-0.890000000E+02-0.890000000E+02
  0.473416778E+01-0.890000000E+02-0.890000000E+02 0.279399996E+02
 -0.147531849E+03 0.847985320E+02 0.153712710E+03 0.852866948E+02
 -0.151995046E+03 0.342989835E+09 0.469401604E+00 0.626704746E+00
  0.604232752E+02 0.862656250E+02 0.000000000E+00 0.000000000E+00
                                            KIN
